800
28452 7945
9895 31745
2734 25391
25189 6227
1356 5050
21589 10472
16632 2258
119 28391
9976 12005
30110 7497
23471 10252
7525 17467
22921 25850
483 21765
25340 13570
10157 5417
29150 8459
27224 1815
1663 16485
17418 10645
1347 26787
1791 10446
5432 9560
14494 5974
28066 22490
24366 3495
31237 6593
5890 12950
11 2230
28037 1330
20004 4925
5347 6017
21933 17119
3527 21365
11228 13379
31910 1014
19255 12387
9216 31439
4093 29828
31891 5508
29275 12283
25834 9005
21508 27295
9836 13723
21987 23481
9399 16030
24395 20079
6042 28457
26286 27910
6479 19766
16842 23846
24433 17504
20835 9933
32719 12499
9446 29650
22336 21579
31008 18541
17911 10670
15738 19428
21996 29700
8304 1026
14558 21172
6958 20497
21891 23575
13162 16149
167 30514
28694 15163
26687 11205
9222 10002
5145 1550
3552 21742
4890 24852
29900 12023
9961 2005
16837 3037
30361 29658
17056 7509
28401 1330
21371 18194
12093 29201
15522 12111
18134 1752
10407 3109
9458 1925
10376 1983
23045 4393
23054 10080
8417 1703
24521 19030
32727 9738
32284 12537
21733 7306
330 21025
27659 13457
24511 22104
23870 17475
19957 15301
19667 506
21196 10944
9117 7322
16856 2051
27577 20200
25489 22808
4541 15841
19204 32230
28634 26655
3954 21073
27785 19838
28231 12988
22708 11879
1900 29091
7662 14258
27995 19783
11362 10479
4951 26045
12913 26043
659 18919
12999 1390
26170 21557
9563 14092
27473 32733
24455 2062
9012 16528
32287 31913
27439 16819
12877 4266
66 3682
10855 14164
7889 26001
6861 20915
27408 3523
14043 16680
1253 29971
25964 19495
25013 8223
19347 20920
7057 12910
20742 22386
30530 7540
1373 1705
9679 28903
4616 20345
7759 6708
3112 10837
16430 418
5068 3985
19601 20784
18203 15798
13167 4642
22294 28833
29947 26652
6117 8593
4145 24607
10666 31860
24375 27646
2863 27549
3374 27018
341 10079
763 3432
22953 29172
7218 2089
20643 25477
14644 16465
7741 29905
32200 2668
21029 14075
20341 24507
23459 30202
30377 9637
17037 28094
30979 28157
29180 23331
17872 32091
7834 24155
104 13290
23307 3541
19615 12000
3674 20356
21316 14634
6766 29685
3104 3834
5493 7101
24291 27253
23239 11110
26609 17383
11465 1792
26362 8280
26736 25680
32160 27705
21892 579
6866 26559
20625 13773
27816 25301
1533 8522
5201 28536
25832 3317
9220 7280
10554 6153
18028 29666
6065 7304
31219 14493
13718 2524
10646 11386
607 5542
18336 23227
28771 26124
20760 17047
23640 20265
88 26010
23880 24926
3570 14769
5432 5471
28914 15510
14258 24168
20794 22907
19004 31280
29731 5140
7410 21722
21578 28551
26365 14892
32649 20279
28751 30963
10896 8833
22717 20566
206 19278
25354 28689
2233 27899
7917 19837
26483 24947
20792 2309
20647 9985
30881 15685
23931 5762
3229 17255
5029 9926
14006 9781
24723 16651
32533 30110
6612 31902
11005 27338
6300 24878
5079 10751
30780 7804
17340 17010
6232 19624
22412 19561
16012 1828
2573 7623
14025 10082
28790 32610
3776 19368
17877 1444
9695 18949
24554 14408
23458 21473
8622 3051
10033 1549
6243 26403
13254 8641
14345 15904
20449 16521
13575 15479
19462 22044
17568 8953
22740 22138
660 14926
504 12200
32196 14054
16763 28764
17592 10021
3237 6166
29769 1314
14091 5118
24048 13930
25789 12446
18198 27166
4721 23656
21508 16254
24501 27913
32141 8902
15634 28105
29951 9614
8727 23252
27880 17140
5863 23932
18434 16195
29397 24566
32353 29715
5762 828
9596 17806
25064 13194
17892 1783
11260 17565
25542 29504
1936 2499
9983 29636
18141 18418
6871 10863
14682 7221
18097 19308
32052 25007
23766 14188
2250 12125
18667 2732
24341 7381
2318 4029
29040 31263
20099 27448
13536 15360
15388 23242
12894 20779
29884 26886
10438 20789
19163 15144
5503 20269
21793 6950
3012 18805
32008 11164
6028 31057
30729 19800
11714 30492
8610 25555
8631 13637
31386 19525
637 10561
18927 11365
10699 6910
15901 14741
311 9564
20250 724
31157 30870
3119 22300
9056 18616
15300 9869
16840 14472
30561 20185
32145 30890
29399 4537
30092 26807
5954 11047
19720 23747
30668 5685
12133 23299
29509 17475
15471 28719
21147 24302
20692 2549
28040 27359
21650 26870
2930 25527
9870 12207
27647 6244
16694 10312
5721 16206
3465 4832
28735 2683
17821 7691
29346 9197
16007 2872
7146 15020
1513 24432
25301 16036
29767 8490
24337 22008
15978 11417
14327 22944
27449 12755
8311 13211
15656 8789
7100 14423
1875 26209
2682 16960
27013 22072
6920 468
18334 19961
571 32427
22370 6927
13532 19755
1956 11282
25761 19993
13174 15572
13375 20068
31951 20115
21108 13198
5861 8650
32116 28846
31423 28171
11748 6555
1614 21245
13173 3969
7224 26020
19279 27692
30416 17966
13116 649
25687 19781
10243 12834
12747 31975
31075 23206
23574 14410
22096 24958
19880 21216
14608 7179
23980 12600
10716 31992
23100 14890
5481 27806
15596 11561
31489 6094
12190 1446
14578 16039
15983 30826
18020 4805
19009 5451
25558 4516
19879 16527
28004 23783
18204 14864
14052 1535
16720 1783
12814 17965
3992 11123
12416 29976
30062 13976
22362 22353
16006 12155
27118 25787
3277 10132
22698 9024
32517 32754
14156 31677
13144 13054
14489 25610
12089 25802
18260 31772
12615 9019
11831 27389
8936 15825
22226 14022
7807 7059
26902 32632
25337 5923
7060 16125
24976 22737
11311 3038
18320 3710
20710 1019
1250 32587
25903 15903
18133 29810
27206 27459
29387 17210
12714 23074
26317 2821
18111 7282
20781 1844
13262 13507
19908 4247
30158 14314
25398 8207
28373 13738
17230 19868
31589 20180
32661 31795
8355 15469
30533 15065
4359 23472
16797 9570
8345 21496
27555 13249
27024 13364
3342 6057
29729 15919
24340 5501
2962 28120
1996 31479
7369 20081
29566 27785
18830 18166
8544 4519
2762 13473
3173 2632
18747 1026
31547 28669
11627 7137
31678 6649
5658 15257
20318 643
29674 27702
12566 5886
18882 26415
20469 995
31326 22476
32720 6439
518 31268
29919 29672
4351 26874
31273 30430
21290 2727
17955 16637
13269 6353
1068 3578
29557 32555
4006 28142
722 8704
26669 6677
10302 32455
30658 15067
28986 11640
29341 5672
21086 22577
18401 8097
18626 23940
5291 956
1607 21902
4831 27960
22157 9243
26303 5008
27338 19944
19100 25977
1879 32659
29254 18047
21221 27995
31280 11340
734 14685
15373 29837
1879 17367
7514 27141
4164 30846
27131 16998
26005 10625
1236 25715
26190 16545
1906 11870
12081 17298
32114 28302
30932 14754
27459 31071
12212 21103
9548 12223
654 11654
4020 31661
15304 26505
29504 13993
29728 16607
12493 3877
6543 9815
5624 31021
7155 10377
18384 29363
5543 20810
13070 19981
22151 2089
7067 28454
1560 27704
25310 2929
8536 12756
7632 28906
32340 26949
12948 253
10175 6377
21680 16394
19391 23221
13522 6720
11800 20281
23490 20636
17975 20339
2383 27204
11124 18234
27336 15494
12938 20952
5937 9416
5059 26852
19621 27073
5920 28489
27513 7310
15314 18284
5387 18616
9286 475
14277 19604
3716 3603
5993 7518
13587 4698
6587 9745
9048 17521
20169 22045
9247 17026
3960 795
15751 20991
32677 27999
23295 6607
30335 25655
6655 13664
10542 29824
13426 10601
30155 27548
17916 26633
30937 27827
24063 24160
21546 19469
23260 29350
29794 31091
22386 13625
2901 7126
28954 3068
5036 17131
14823 9467
24329 12306
14473 3602
23015 30255
31235 29576
7055 30915
16682 30758
29886 29594
21889 15657
12328 5466
16850 15760
931 28757
21597 11151
721 19149
8808 6241
15120 10101
20840 3546
9989 29296
166 12024
6091 12886
20266 4824
6816 7276
13513 30051
19703 9125
16548 27179
14498 12627
11168 17388
27755 19764
17244 1340
29632 6558
23566 23654
26874 19191
7371 6076
20789 21934
19811 6109
16660 31098
10610 16688
12818 20558
8806 7989
21309 27828
28070 19812
21521 316
6483 16488
24832 1083
28444 15705
8212 25793
29834 6760
30134 11330
9248 32540
17634 13482
20947 6777
20885 15031
5086 21643
15493 16980
11598 21410
26421 18852
14790 14204
5034 7012
3994 6579
19718 20935
9763 17659
2259 28965
2193 5029
7336 30979
30287 8240
30238 30268
21902 20117
7869 24202
12874 2611
15038 2802
17166 23967
10204 490
27197 30982
13435 27630
30860 13932
27389 29407
15243 28234
30497 8665
19084 16987
11190 20323
13266 19164
12760 26745
22560 26276
9175 307
2228 4682
4878 17593
6547 1516
30561 27982
9771 1993
11774 31210
17371 7669
29597 12879
2311 412
15141 25590
19519 26696
12115 3041
8263 22161
10205 16406
28878 10462
22162 23664
19008 4210
31430 32262
26409 28766
28797 9272
31321 14384
14522 23090
21119 18892
17410 5258
19130 5751
29329 16579
5828 3342
18247 13188
21052 4031
18032 19145
12182 2182
6229 15280
27493 29085
15009 9089
18942 32627
25319 22480
26537 14221
30208 17579
27131 195
18754 30018
9776 2563
6996 5700
5081 6546
6606 27595
17684 2645
19740 18686
30346 32273
5750 8654
11965 18087
27219 20993
32305 13080
12259 18241
16304 19908
18030 13458
22860 15795
846 5763
3651 24610
25483 8013
5388 27328
25095 20400
27415 23869
9559 27650
26338 13202
18369 841
7957 22742
3649 26235
27564 30549
26143 13764
24522 13450
22350 20208
26778 10640
1734 5942
25016 5024
25256 15317
23623 17148
20965 10660
30835 16206
26437 3866
32602 22889
27262 5191
15221 2322
31223 15735
17331 3519
30808 18604
7239 17777
8367 10630
25577 30996
30994 1540
8871 1094
25743 5540
3270 26535
19909 26083
5820 30366
10303 23419
10638 5248
15362 15967
24102 16067
10320 8951
31644 26121
19976 85
13868 9514
22482 14505
28392 22035
24442 11417
12793 22647
17409 23485
16417 6093
29518 17488
18685 25093
650 32617
2321 9571
