1600
18497 16859
24026 5718
25226 18889
15575 19193
3667 31675
23172 28986
9845 16184
21819 21907
14561 15529
24708 29999
24348 21786
27092 24410
26722 6601
20613 1310
18944 3401
4742 8414
25244 633
23856 25090
21567 30531
223 14131
2110 3324
18111 23779
27629 17135
2020 4205
19132 6848
7628 23702
29229 10020
18992 16274
16088 21235
22942 18189
29098 1806
18384 24565
15853 24383
26272 30695
18937 26998
13 29331
22273 14842
27851 16775
12057 18198
23341 29049
31242 2133
930 22326
9602 10429
9394 7922
28089 29404
1390 7628
14278 6371
21210 16920
16637 31384
25818 1168
8039 31240
9017 11972
30725 9918
10375 11942
7906 32579
111 9111
2619 10280
21838 5324
6042 25630
20585 27433
12515 15156
20658 18569
23199 2851
29921 8724
762 7988
1619 32766
4953 2960
12953 31693
4012 5610
23193 2802
15530 17212
978 17297
8698 22610
20633 23933
23198 18831
3787 10906
29872 9469
15772 21554
19196 12889
22542 31223
9402 9035
27116 14233
24896 12863
12221 10963
14166 30405
31788 24234
24973 16954
6829 4650
28049 31124
18102 32443
25468 8316
25374 11220
11188 17444
4856 13417
30343 13365
26011 31343
17631 55
19822 11595
18339 5462
9915 25519
979 21048
14481 23697
9201 28689
32087 5917
29949 7354
6712 21621
9462 10770
18056 29301
23568 15783
29553 17792
8556 12516
20926 23974
4937 6788
28812 21500
7561 25267
3003 19540
5690 24886
20558 8436
13141 2608
28135 31260
3220 15447
30146 14832
19823 20059
14403 1933
2832 21217
17821 1260
3030 8348
28441 301
16054 18946
1041 7584
16390 20918
14651 7856
9350 14632
5180 11173
3149 7742
23456 24668
10684 23599
2130 7433
997 3572
7819 13409
17903 7038
19731 26677
51 8081
1607 14190
616 7818
20883 31335
11104 3787
23428 30920
6733 0
21709 6718
443 31695
9934 2699
23404 20037
13649 29166
22431 21824
15163 15337
23711 16708
5393 18043
26581 19373
19554 22584
23151 31227
6627 2175
27449 25232
12603 7898
30756 214
24912 29738
13645 28061
14197 28503
30003 21709
5279 21942
31861 24034
11901 24145
13811 27542
125 13066
5526 4752
23865 22369
28961 21783
24039 12373
26651 19202
13460 7355
761 31365
352 2716
3079 30026
21845 21773
32182 19620
20415 17625
27079 18462
1116 6450
19284 4427
32054 16078
1079 8724
14402 19352
19688 8862
10143 6503
20278 26058
17028 26556
32690 23650
25895 11633
12028 31244
17750 12891
16945 4462
9139 15990
9529 26953
24491 1372
20287 22688
9473 6563
29214 21025
339 2389
8734 25552
6573 26255
20931 26251
27961 6455
31252 6027
32301 17453
13824 20446
25106 19398
14624 1009
15936 20869
3222 1265
16549 31574
1789 9465
13587 5962
12865 2529
29582 27991
28756 9152
2727 9593
18707 10749
19936 25265
2726 9219
16903 868
7392 3769
16825 2339
20952 1777
9099 5421
13940 1644
5895 2210
2179 13436
10626 16184
19447 20166
1413 32623
14340 3221
20661 4090
31048 15759
18157 25596
29077 5506
15856 8835
30778 19981
18623 25129
6581 10556
27826 26984
27410 6290
6792 16090
10220 29709
12829 548
3025 8337
20595 9428
7334 1575
30168 29647
8401 27172
5652 14041
26947 294
11139 28726
15624 27328
22454 98
14506 372
7810 20423
25943 3689
10394 30251
10389 2373
22242 14621
16306 16840
9952 19026
8145 31944
4738 22968
5562 30754
992 4363
8495 14230
23233 24126
32725 21744
23763 18734
26082 8026
12590 24844
10284 5686
13195 8013
25767 24139
10234 3331
29771 1818
14073 9593
13319 9923
9358 12409
22174 17298
21276 25156
3715 24636
19538 16822
13181 26927
24646 3088
7179 30553
778 5650
21659 27686
24702 8001
6245 8954
20764 21614
4924 25053
26252 7447
7218 23419
5363 24685
15912 8924
14791 2176
27141 28849
28347 7934
26603 17017
10178 30250
25179 8630
3584 20567
5018 13687
22047 32644
10974 27959
20262 29736
16672 1456
317 23060
27227 6425
17212 5461
5207 160
32417 30704
28979 11536
11944 19428
6303 25236
1031 25072
10843 29560
21018 18826
4679 12795
32305 15456
20406 14860
21718 20258
29656 28805
5288 24176
9248 9146
2055 12319
22516 14005
11036 23305
12500 26551
28967 22547
21999 8578
11185 9044
3415 6867
1824 6217
5272 20181
22106 28219
5264 25677
12817 25730
10706 1679
20618 9361
16998 19827
7994 28396
18828 31316
21044 24696
15182 28487
8715 30015
16001 6973
14348 16490
28277 1491
23710 22883
24204 16408
25576 20133
9497 10011
12231 5155
4337 19326
28475 14955
2228 3359
13451 28938
11072 29271
26113 9994
19785 12508
146 28370
30620 2144
4886 4793
2479 16554
10778 23092
123 30803
32688 7031
6587 20970
7929 16305
13396 31879
7597 2591
7800 6682
19486 14998
21423 1264
10480 30166
9815 6448
24421 5848
28721 29973
7846 3016
5517 13751
9682 12376
7442 23353
21724 17957
5645 3504
21558 1130
10962 31634
15947 19098
22236 20449
14402 18936
29426 23675
22325 28686
14099 19314
24557 5356
19945 5735
3491 10368
3899 25510
15669 20347
13271 23503
9760 25899
17743 17495
11482 30494
21520 11836
16393 14900
19949 16937
2714 1680
7151 24524
6759 29400
7014 15147
24243 4999
25727 15615
29562 17032
835 22702
11319 14975
23325 27160
8527 29620
14737 25952
18842 31060
13739 23682
25305 9510
1956 24953
4568 12959
4701 27987
22637 24017
4316 5103
5452 23366
16218 21720
1739 5123
15039 31631
23466 21313
21697 19602
15114 4042
4214 21149
16491 29699
13414 19161
31768 23318
10673 12677
10209 11432
7541 8609
25434 24108
8603 24851
10176 2932
19620 29033
9648 9514
31874 24924
14787 13597
5445 29402
22098 21251
7029 13339
29834 14213
154 8258
6998 11514
13253 31959
31587 24013
19048 17942
7593 19172
24703 19464
4722 1707
29454 2654
27695 642
21305 21703
2866 21392
27236 25310
17092 8933
2956 29140
31630 10031
5332 15425
7419 6639
25973 5269
5647 6738
14474 3504
29920 18854
28161 9081
9510 14258
27224 1884
18874 1643
682 24993
30779 16849
4159 31587
20754 6713
22271 12794
28850 1302
12735 18382
10011 2200
32447 14610
8507 15051
18550 7005
8868 10551
32219 2938
19721 4955
25734 29417
3806 5409
16263 15617
21454 17161
18839 9987
19761 3529
6895 6083
20382 11176
293 11548
20653 17694
18995 7996
19585 22975
29071 8226
27987 10623
10915 17969
30525 29843
21353 20873
4345 29802
10449 30279
29662 24718
15097 14089
32254 23007
14687 25838
1315 27489
27956 1572
2892 14604
3779 2936
20973 24845
15198 16295
5523 24321
24329 11675
21823 16112
12356 12286
111 14605
12255 13872
1700 11888
24805 13418
25431 11577
14777 27304
27735 13093
11898 32698
25249 26784
28158 19434
7145 22394
27756 20875
31516 2098
3291 19560
8101 31359
7445 28113
2550 21203
16313 13780
13303 12969
17935 1808
26084 23328
19690 27554
6247 28313
27813 17760
30994 18136
26022 6852
29578 29020
20611 18588
13825 13973
29974 26896
31407 9771
27254 11359
21651 24326
21936 8229
5325 6443
5969 3368
29331 5300
31085 16553
27171 30347
25707 10938
714 4207
27110 3060
20965 25225
8821 1922
1352 5981
8456 12234
10882 20143
27230 26686
13276 15239
22803 19089
7688 11781
2061 18711
19892 18032
5454 3023
9265 11183
11892 21717
7402 19387
5228 1058
29963 30674
8258 28239
13818 22126
12659 4005
4534 6083
16071 28148
30265 29980
30670 24672
1434 28065
16757 11408
19143 21197
20522 21969
29837 17422
1784 7630
3965 32570
1817 27724
11026 13012
29383 21960
29753 13228
25936 22643
16233 29011
7466 15565
4662 27215
5908 20518
12510 28633
28560 21055
22862 27411
26332 18250
24403 15680
27270 8173
25989 729
21542 10210
23245 29780
30179 4259
29314 28327
23187 30582
2895 21663
8634 24627
21648 31144
22152 945
3984 9239
6616 27967
32408 14359
7134 15065
28042 13608
24546 23861
5720 3278
12013 22988
7602 4365
28868 20139
20840 5659
22680 22170
16048 17793
4954 28231
31049 26621
13380 2901
31575 2475
30591 5565
4177 31046
28013 19843
27207 13688
20146 7432
21398 30260
5339 869
30431 17651
27545 28173
13737 478
25870 6132
6894 27378
17767 5707
30874 1972
3464 26316
31567 25547
6172 32244
14335 2922
22592 30019
6819 7878
3478 1783
4763 4984
26963 15599
32752 707
23593 12471
9928 16497
24810 1037
29988 27502
10702 9119
3905 17674
16363 19364
1813 27003
20030 15646
21358 1774
2815 13968
1155 20609
16455 30409
32004 8553
14462 16673
1593 14043
84 29564
11084 1734
19654 30933
15087 5378
22829 20771
19921 15572
19054 7221
30230 20884
25085 11768
7138 25719
23042 23130
24105 305
28424 1931
16926 1454
4393 30565
568 13600
3032 9528
1626 20668
13504 16807
8180 19259
3610 10917
18913 14406
24887 2067
26364 24325
24477 29682
27262 2351
16072 32152
10980 12968
27209 32178
28053 6773
531 5660
23549 29140
19059 6368
24514 12333
23893 23400
6115 14470
12661 17765
11630 24792
26655 32624
30801 23057
29279 3562
14416 9555
29690 4095
25767 19659
9823 25725
26778 1521
26717 5832
24393 12295
167 31816
15984 8874
12947 24598
32305 24172
3530 8407
21847 19940
25972 5920
31367 17956
28374 20996
1124 18257
32623 32698
3578 5201
29311 5262
25546 12263
7878 27838
20326 14307
31460 13903
16601 6530
17187 11201
3496 2617
11203 13841
31438 3367
22423 26137
25707 25198
3615 14469
4350 6160
8067 25911
6461 7803
25381 7043
18990 4493
13405 16173
18751 7414
10570 25469
3328 2136
32767 27957
17504 26509
16028 29882
25522 22074
30528 13493
26598 29949
24066 18230
31365 30644
23507 22238
15475 11123
13480 5928
26397 10094
6001 6728
458 20375
19635 14733
19670 4033
3728 17237
18190 32524
18625 6786
9437 15113
22557 14917
25799 18203
26796 23028
19787 2732
32079 32014
30277 11498
33 6784
11793 28690
15121 28693
5249 4623
7539 1935
3370 29150
11151 12974
29900 30148
10929 3254
22218 17231
28472 17846
26229 22305
30284 9542
7491 3124
20977 6456
19023 5235
12163 3557
27256 7047
10211 18411
22700 6113
22317 31186
22590 26173
9670 16711
18566 14581
11725 23602
21818 12543
24250 31831
27172 18940
7608 23772
30472 18643
17061 24694
31825 18840
3049 19994
17015 15052
26131 27848
10420 8045
10163 29416
23975 27390
24062 30905
18848 32245
11081 12796
27657 15102
30433 28600
26943 22360
29502 6946
31036 16677
26213 2499
10285 4803
9481 21825
1594 8354
27425 7131
9575 16945
8245 26842
3726 21108
15021 19462
16925 19148
20981 6904
5094 24933
22051 19355
27464 7186
3376 27866
20952 3562
7438 3483
15931 10032
1509 24601
9714 16626
6485 29790
18721 32387
9687 14332
6033 31020
6518 1479
19223 24051
20100 7794
14731 18882
2745 29323
21173 8274
14276 214
8541 31671
21035 28564
28296 10594
20930 23426
5402 31375
3405 16354
21290 22562
24055 25287
29456 1046
14527 17390
4674 21969
30379 10416
12179 32048
30640 18244
24948 11508
26180 15433
10753 705
26693 10120
24909 4652
24399 23249
16533 8009
12655 15269
27478 7343
1910 2257
30488 10958
24345 11477
9709 228
16483 4277
23289 5202
1790 16410
31900 4704
9237 23450
23625 18261
11160 6036
21567 3148
7020 7926
18471 930
13748 30411
14219 19957
19129 4559
1991 10333
25836 19112
6109 29112
16534 1012
13209 10252
24320 28793
25798 28818
4157 29568
10457 5537
7917 21406
4520 7160
10794 31812
19100 15913
16696 6835
2515 12020
6492 19561
22536 27235
31881 973
11274 6120
22353 20845
14872 1896
4002 22902
10037 24455
6200 27416
15779 14330
13580 9110
24148 2342
17990 9693
14192 17835
22180 21474
4295 32009
11690 13579
2641 15875
20831 494
11664 8218
23505 32176
25156 23431
7496 12119
22140 18157
21018 9451
24469 10157
11776 24206
26381 20216
25585 8337
4011 1558
6150 29966
27549 197
27129 6070
2702 8704
10796 32113
10593 6040
32021 29952
16745 24793
28073 3455
29073 9161
19175 10390
12873 6985
8047 6873
10670 25471
26343 25179
2743 4085
10383 14357
31653 13831
20240 5487
26471 9293
24040 24043
1478 29854
16203 20482
19780 25224
10602 20642
7113 6551
435 17277
30784 20703
8087 18540
23394 18434
12703 3469
18202 17661
22561 8825
23270 2399
17628 25279
18913 18629
9626 24251
21815 25398
5868 18581
32412 11810
1298 13446
26302 15214
20345 4809
3254 20914
21289 13725
2254 28015
27678 9578
25677 8969
11533 22053
19222 9827
19239 11786
25508 4878
27973 27889
26944 24150
16349 22944
23605 13860
25755 11128
10888 16546
20289 20299
21897 28220
32593 811
3690 21727
18952 19430
24580 14723
2183 6137
31451 27103
3004 11551
3327 18770
19011 10103
5592 13493
9339 6753
661 30173
22220 16415
555 907
31467 12837
18878 13973
27129 3342
20360 17101
30813 22710
23353 14836
16245 4638
24785 242
4621 10198
9899 23766
20312 7763
16463 31875
25400 11886
5675 22556
15942 22442
29335 9
30657 26325
4732 14488
23084 1327
328 23233
26845 6678
27805 21453
7176 8149
21354 30445
30824 9837
20843 202
8944 8122
17694 14423
9644 10288
10337 28984
12636 28234
7375 26579
17110 16564
8776 7927
14033 7874
9503 32268
3217 14612
14702 30916
31526 8149
13572 26882
31911 7556
3591 21322
29874 25401
2465 7211
24923 5588
13897 24345
7033 32116
6013 25811
14639 21557
711 26388
29860 8049
2913 2360
28624 14182
23123 21069
11230 3398
28091 29286
11118 23646
17007 29721
3274 31764
3626 24020
16504 4966
29329 19806
12581 1941
24282 28310
11385 9724
16413 20390
13769 9268
15243 14237
5235 27112
518 15877
510 30871
5155 4430
32004 16816
23972 21032
15724 2308
21776 17825
18724 29835
30463 9057
19638 30246
23491 7684
14797 9945
22457 12907
6439 5702
31346 6983
20674 5622
20122 4783
30418 23757
21724 19179
15251 28961
18203 12317
435 30475
24874 19332
29388 16960
15913 22140
24027 750
17054 29596
28140 1769
22666 932
27628 32623
15530 18611
7823 8602
23938 22345
14831 2556
32379 28444
4637 5852
18181 28131
14454 3536
3311 31226
22275 5771
30366 665
11925 1923
25942 10267
2951 27404
7075 3190
9101 12260
27771 21634
25714 29526
28525 25355
14300 12548
26319 12614
11308 15247
11494 7113
9233 8445
8649 9496
3755 4781
6741 5491
27330 24084
21187 30279
32578 24541
5261 12704
10233 20
22946 3994
23988 796
16378 13194
13751 30327
29775 7773
8987 25707
4500 4901
20712 3271
121 21793
6669 26941
8277 18375
17850 3267
8422 15622
15322 17549
20345 10609
12042 20602
28510 17262
14980 31246
21088 7926
6103 5773
4496 3776
4726 20632
207 2027
20150 12100
21814 3475
17664 12632
13389 14813
12507 22379
25032 25016
18897 18897
15417 3446
23333 31303
20004 12115
20590 28578
24924 10088
1063 22577
22331 16065
10099 27576
10749 18291
10792 8960
21687 6115
1992 10578
20815 5902
17008 14974
25431 3326
23606 17289
11467 24775
17951 10844
20774 5396
8103 24255
23171 20533
1310 29977
13913 6721
6470 31138
13506 23077
761 28062
7516 24104
384 4446
29580 29444
2129 17521
16280 20502
29957 24173
17177 8621
22002 9705
9298 11303
5404 19851
23190 4688
8134 28425
10326 23684
3645 19369
4781 18623
32717 29905
29382 27661
5080 24204
10137 2176
9235 14165
25481 11035
5465 26814
10358 28048
2122 6517
3941 7072
9489 24685
18405 22945
8319 20459
2572 31503
18590 4937
4317 5603
10987 1232
28575 16937
16420 13774
7651 29120
6503 18666
8774 25899
27586 6369
8401 2237
18343 22720
21612 28018
20219 6540
21402 10280
4013 15939
2552 27606
11132 2456
12325 19780
359 4020
4718 24653
1497 27233
7471 28065
31157 32451
1210 6634
4489 13131
8272 23936
6186 6375
30318 30718
7781 2035
22670 5755
5832 25827
32256 9357
568 14702
25247 13233
15578 12559
16052 7967
26703 5370
31201 32049
20084 11337
1625 14921
1210 23991
3420 11914
5706 4591
17029 9008
23419 21225
23804 5531
13628 11263
28294 7035
2499 1677
18707 15889
23074 31543
28978 22197
1359 8500
6043 22465
29018 31038
806 5284
27862 17573
24653 26545
18904 25407
18304 3441
7443 27358
835 15604
13907 25810
32355 23109
17047 20129
29878 26714
9317 18981
16397 13492
4782 30684
8444 18638
28702 19314
27358 13514
16178 2379
4312 491
13756 29678
22897 24056
22481 18146
11601 3609
28380 21449
9437 21447
32147 12330
18167 17682
8021 10789
15734 2708
254 31980
12977 2293
3335 2961
24988 18141
28512 2144
3641 8869
27513 2358
11809 9904
9801 4606
26102 24453
7228 21815
5929 13849
24320 13539
11892 32201
1428 13511
12355 13436
29746 11412
2426 27670
6819 4423
7016 11649
26498 1985
5853 3352
10354 32638
4793 19178
8371 19273
11431 19196
3686 11334
15453 20840
10576 17158
1108 5713
8342 6900
19430 24766
4796 6540
24460 14476
6928 31081
20058 26543
8852 19179
27900 12354
10187 4273
2016 8849
27901 3387
15590 28975
19444 11303
13373 5171
13572 17266
20888 8732
9214 8105
13519 3457
16719 21096
21647 19277
9508 14265
29921 23492
16137 16957
3457 11787
27085 3309
18102 27816
1261 14339
27360 13936
19835 24431
8504 7644
7333 13334
30560 19896
24469 28702
12544 13335
24525 6751
28242 13303
21880 179
17779 20655
24958 14630
8532 18913
4042 22161
1879 6301
15852 25175
27584 1260
18199 16509
31846 29483
11638 4876
23477 25705
25208 23965
25514 25359
3926 2092
29325 13470
20917 28721
11681 15370
16087 20116
7531 12728
25485 16055
25313 9492
6431 30835
8022 28626
25885 526
29637 3987
13153 23906
10832 9507
23062 5713
14409 21363
21172 7678
30783 13425
12963 6441
15282 11384
19767 23994
30472 10347
15437 4709
23468 1336
8374 3850
31659 4259
24754 21381
14690 27366
10337 11476
17296 7648
31493 20424
23392 8485
25206 15743
29251 28877
27200 3151
21132 9282
13311 6488
4225 10356
31820 22085
16316 27724
21377 9166
6620 12367
18098 29183
11716 24182
31260 9705
8369 11670
24810 9454
665 10719
15289 17523
11709 16741
4235 24913
27870 10366
19320 29302
12954 18524
21987 5964
1524 16198
29287 3918
20227 7007
17093 29944
17555 8527
10780 23385
30215 8248
2961 14260
10341 30944
8492 9762
22606 9795
4178 2424
3643 13848
30466 16006
11153 15315
1431 213
8107 31168
29718 25289
6221 16106
5954 634
21129 29907
26512 9803
19989 28555
10918 20412
2351 20980
3123 4217
29011 956
18021 2603
17641 27145
6630 5272
5161 8787
24909 12677
23366 32510
9750 848
1824 13835
21541 19086
12269 27832
7897 31709
29135 27758
85 24402
28272 31473
12352 16049
24388 30569
25539 1177
31330 32165
10109 20577
2436 21685
25520 8198
25479 18353
3127 4555
1737 25357
24735 16166
315 19614
25396 7800
17521 7163
14285 13808
620 14179
3244 30667
3744 24686
6164 15140
12079 7047
29173 20887
8621 7054
11098 16573
8669 2832
12664 26689
2477 19116
4984 10871
29301 9305
9383 31036
25371 17346
20483 29775
16720 24332
19079 5285
18492 4319
2272 31951
3046 9720
9121 3567
29809 21512
12056 14362
18457 23632
21786 20191
22266 21713
15619 1637
1133 32312
12445 15327
14281 19735
30623 21262
15133 3177
23592 11009
28596 13307
13405 22833
9964 16238
2743 21509
21101 5181
25062 29815
13784 32248
18098 12163
25529 32368
16086 10033
6608 8252
30608 10712
21697 26385
14250 17404
31735 6484
11270 18533
30556 12933
12173 10953
2627 30232
11318 13110
23653 18929
13790 17072
25042 21924
23168 8311
21784 16340
14739 30405
2692 27200
4086 13386
19520 3079
6996 28236
2787 4872
29026 15914
13346 13631
27943 9194
22325 17763
32106 7202
6616 28558
3871 30978
3815 27271
19604 2504
26594 21863
