3200
  3361  18691
 20446   5507
 25660  32663
  9938  27152
 29127   3017
 13341  13190
 26552  16004
 15710  28029
 15849   3489
  3190  31174
 22469   1096
 13295  14870
 30590   2338
 17753   2922
  4558  11158
 30869   7755
 32131   7507
 17399   9334
  1510  29717
 17287  25908
 16492  11919
 17717   8399
 25213  26498
 13730  30279
  4379  11461
  3460   9200
 27535   8656
 11156  13519
 30067   7276
  7839   9407
  8506  13886
 17392  31168
 22601  12710
 32665  12336
  2644  24413
 18427  25480
  1294  25379
 20342   2157
  7190     50
 27817   7349
 11824   5260
 23042  23916
 20678  14535
 15073   9063
 16332  22076
 14941  14059
  2998  28809
 23478   2199
 30447  14932
 15916  18174
 27058  15611
  1782   3944
  8267  25902
 14380  16232
  4482  29553
 26615   2511
 32720  18818
 16467  27425
   210    153
 30270  18695
 13643  28278
   891  14476
 11888  20653
 32056  30052
 30927  12335
 15368   4096
 11104  10099
 24527   8751
 17466   8556
 14529  17756
 12548  16147
  2653  30561
 28125   3816
 30351  10902
 17175  24874
 32523  21547
 23258   9053
 17812  17462
 14578  28010
 30285  23141
 18043  19742
 14748  24550
  8735  25960
 11993  25600
  9828  19557
 16770  20572
  3824   7464
 15885  30953
 29201  15246
 12517  22775
 20063   7237
 31567  29877
  1731  28813
 19195  24212
 12077   2963
 32422  10421
  1948  18737
 29970  16950
 17087  16197
  7262  26652
 29766  18857
  8932  23892
  1272   1477
 19760   4363
 16155  28460
 20099  28308
  9420  24447
  3059  20090
 28273  13944
 24890  24841
 30216   9234
 24487  31743
 19278   6207
 23157  14090
 21837  23909
  2579  17843
 19017   9095
 15692   1256
 31737  18767
 10487  21379
 14906  26685
 23802  20193
 27200  32421
   370   2135
 22190   4696
  1053  18643
 10858   8826
 10937   6824
  8956  26621
 10836  25938
 16574  28349
 24328   3378
 27971  21317
 30543  21718
  8265    837
 24375  21392
  1886  14934
 12834   3321
 30029   5792
  3859  14271
  9819   9901
 28470  10922
   713   7174
 15903  25225
 28608   7830
 22250    404
 12572  22534
 29220  14871
  1651   6619
 14970  28120
 16513   9605
 32376   7916
 26562   9470
 23679   1182
 23202  22753
 15513  26830
  7090   5174
 21982   2785
 31542  16170
 22603  25114
  8766   6596
 22463  10542
 22580  11110
 21270  24897
  8698  10539
 13975   9731
  5838  23575
 10380   1338
 11016  19210
 10792   1978
 13047  16202
 22139    729
 25598  25446
   449  23047
  3052  15255
 31158  24098
 11519  28267
 13264  29208
  2245  10389
 12748  23487
 12256  23994
 11121  28585
 15547   2425
  5029  27637
 29402   2676
  1579  24674
 23417  26776
  7321  18817
 21982   7777
  6107  22025
 10843  25287
 21807   1007
 26962  26801
   565  28449
 27688   1419
  9316  11814
 18313  18665
 31001  17593
  2431   7010
 14825  28391
  2307  13491
 27761  26450
 28859  23880
 28529  14911
  3583  23412
 17412   4051
 21684  16643
  3767   2048
 11943   3224
  8514  26805
  4736  16296
  2982  27740
 28087  19375
 13997  22180
  6859  30738
 30599   3345
  2063  26520
 13346  28404
 17437  32004
 15313   1660
 11862  30734
  2799  21871
 26617  28399
  2256  28984
 23660  22291
 25647   2586
  7530  13656
 22006  23021
  7429    463
  3994  17080
 18453  17426
 22346   8741
  5733  18081
 28816  17117
  3006  21641
 25872  27164
 32738  17462
   694  16553
   137  23442
    88  20626
  5739  32675
 30524  17205
 17698  18501
 24780   1754
 20709  15765
 10084   2821
 16487  16520
 19892  27761
 29670  21720
 10388  31695
  3304   7188
 28097   7825
 14054  24203
 12759  10797
  9515  20191
 14038   9549
 29603  31345
 14935   7879
 30776  18424
 14499  10476
 21275  21518
 17384   5052
  4777    503
  8845  24404
  6668  12074
  9336  26683
   252   7749
  7913  10862
  6569    180
 21696  16684
 31902  25787
 27479  11681
 24493  31458
 21056  19758
 21946  25862
 30581  29059
  3005  31165
 32291  25875
 24691  16267
 18680    555
 11906  26428
  4698  18751
 29917  18320
 28082  19830
 18862  31840
 18894   1910
 19876  16525
 25023  25582
 28304  14005
 12333   9132
 16863  27831
   428   8168
  5037  28634
 14710  29091
 31572  31460
 26127   7109
  2117  16074
 16660   9262
 25315   7710
 24483  18733
 28534  10429
 25560  29220
  2446  14656
 14494  26735
 25381  10648
 20465  20513
 21814   3376
 24984   4127
 18840  16903
  8557   8520
 11429  16475
 17903  27218
  1855    894
 12699  26758
 18241  25146
 11602  17896
  2234    113
 25391  28339
  8525  15823
 19846   5991
 10222   6468
 27810    334
 26197  25119
   354   1588
 10611  21642
 28161  24711
 26578  16336
 32595  10200
 32356  19269
 16108  10876
 28407   5947
 25498   5216
  6441  12304
 21798   3236
 25852  12878
 28639   3031
 31354   6678
 27576  17304
 28161   2525
   901  30226
  9848    775
 11870  29803
 10022  32239
  1447   6943
 28754  20784
  7274  12790
 16701  13546
 17234   3013
 32165  21785
  6677   2978
 11757   1395
  8765  20139
  2364  21539
 16060  21064
  1503    797
 31168   1998
 18335   4022
 23083  21221
 13084  24057
 27035  29986
 24170  12996
 27334   7694
 17264  16749
  8064  17481
  8704  11632
 20960   3617
  4917  16032
 10804  29294
 17386  18650
 31585   7499
 16799   4883
 14989   6270
 18082   8993
 26955  16305
  5162  17424
  2109  15111
 27246  19930
  9059  23830
  6016   5040
 31244  28213
 22841  30545
 28410  12413
 26814  17511
 11952  23415
  7770  22805
 27188  17268
  8877  29724
  5396  30595
 29046   7257
 12833  28085
 28431   4094
 26762  31879
  2720  32500
  6719  14609
 13532  32334
  7931   1403
  6201  16846
 12267  17564
 18638   7067
  9412  29856
  1505  19380
 19387  16700
 26198   3306
  9119   8289
  3654  29102
 20060  25825
  2972  12413
  1924   5860
  4189     26
 22097  14527
  7134   8951
 32286   8643
 21262  28104
 16215  29201
 26646  24274
 19206   4209
 18732   5304
  5145   5125
 28285  28714
 31892  12555
   501  25070
 17973  27794
 17927   3843
 21191  17498
 16699  10284
   115   5396
 17339  11870
   842   8959
 15534   8037
 14975  31418
 29763  11890
 29534  14036
 12960   7389
 23864   4568
  1219  25772
   485  23735
 31000  13847
 16951  14960
 10931   5128
  4509  14351
 17063  19140
 10439    831
   750  15518
 11532  31358
 10540  24587
 24135  25571
 15619  22840
 23391   8007
  5431  18862
 20330  13737
 14393  13840
  3848   6957
 21361  21397
   898   9683
 31872    977
 31896   1667
  6141  30855
  8857   4905
 12837   9766
  8671  20597
 21114  12504
  6847  17383
 26523  32067
 21274   6026
  3035   1569
 16528   8215
  5509   3566
 17770  21657
  4593  24312
 25236   8096
 26008  29624
 17309   6788
 29484  24578
 14022  25206
 18862  29984
   992  17947
 16295  19870
 19747  29777
 27884  24986
 29300   5842
 11077   2993
 18876   3243
 31127   5501
 14180  18909
  1843  12079
  5257  11951
  4793   6133
 17030  30362
  6094   3845
 27811  25606
 14692  17241
 17155   5169
  3735  24662
 24674  26745
  8709  18489
  7419  15738
 26201  11254
  4956  31644
 16083   8123
 12722  31070
  2677  20799
 30437  12454
 30982  10727
  9258    765
  4296  21622
 10587  31734
 15133  16557
 11720  17942
 24645  25888
  5155  26797
  2862  30869
  5177    307
 25857  23230
  6104  20494
  1212   7196
 25448  16475
 27932  23678
  8661   8030
  1616   9950
 13308  10245
 30820    686
 26078  12322
 24471   8686
   114  20826
 10108  32439
 10827  29130
 14711  17066
 22668  17846
  3473  14500
  7355   8918
 21028   4523
  9316  30904
 29355  22347
   245   6851
 31719  10083
  7706  29977
  4850  21076
 15165  11558
  5603  14414
 12985  18893
  6679  31596
 15104  31075
 29378  14977
  6266   8693
   153  24108
  8792   2484
 20950  25273
  6725  21332
  2884  27720
 12950  30516
 13283   3842
 24038   5152
 31711   9648
  1429  24539
 27988  29000
 17410  29199
  1214  19102
 28463  22110
 25683  27706
 28291   4553
 18254  10077
  2541   4893
 27081   6405
 31712  11992
  4258  12303
 28036   4200
  4341  21648
  6935  18805
  9562  27786
 23920  25439
 20969  32518
 17935  26789
 16672   8884
 24978   3605
  8153  18580
 11645  21546
 29790  16340
 12875  13943
 27844  31330
 13110  11013
 17816  14195
 11590   8392
 22705   8953
 13650  16469
 27241  26751
 10157    911
   833  26960
 26170  12676
  3764   6039
 26163  17916
  8959   2551
 31584  13783
 30544  12132
 19193  30936
  9874   9699
  7655  14474
 22543  15919
 25834  23894
 14429   4741
 15932  25553
 29580   4571
 31714   5134
  1535  18158
 13608  23592
  3568  24999
 30833   6588
 10618  20989
 31394   2192
 25187  10027
  7638   1613
   684  31107
 11304  25940
  9599   7721
 30789   5643
 13372  15009
  8719   1087
 11735  23796
  8517  23488
 20413  24472
 27898   1568
  7695   5434
  3976   5591
  2447  16252
 16906   1726
 25318  20266
  3910  32662
  3433     78
  7734   9563
   496  22306
 15290   6843
 16731  23596
 16051   2348
  5262   8192
 25102  21714
 28024  30297
 30218  31268
 23878   2701
  6548   5832
 23335  15627
 25348  25516
 11293  21603
  5326  15465
  4007  10505
  8272  22519
 16755  26357
 14972   9331
 18914  25659
 10574  28620
  3399  22896
 30044    307
 25722  31866
 27159  11170
  2947  13895
 23827  19621
 10587  18448
 15989  18483
  5268  30573
 25153  16945
  1272   1374
  1319  18865
 17445  12879
   857    856
 23516   1892
 25180  21994
  5762   5831
 16283   5022
  3532  27887
 22017  20174
  4014  12903
   241   9024
 28284  28742
 26644  31725
  9733  23439
  3421  12117
 11349  20865
 24278  29329
 17575  15845
 15354  20751
 17031  13707
 14402  20826
  2246  15351
 10600  11537
 11295   4152
 31226  19770
 24417  14281
 31494  20166
  6821  20423
 22588  31461
 24495  22105
 26617  23281
 29507   1116
 13907  12529
 10522  30770
 15017  26521
 18974   9762
  6246  21484
 10817  27446
 19705  28375
 31801  26834
 18493  22239
  2342  18451
  9504  15587
 25801  15252
 11329  14283
 27446  32702
 20642  26907
 31623  10296
  8556  16591
  5794  21417
 26263  23731
 28203  15611
  3775  23513
 21734  19799
 14846   8452
 32742   2076
 25155  20402
  8502  18486
 14468  10848
  9786  27808
 13638  19102
  1023  17066
 14788   5029
 31564  15330
 30513  12189
  1885  29046
  7840  16827
 12878   1933
 13297  12470
 28420  31400
  4104  11639
 17248   3007
 21622  22965
 20663  19300
 28663   7495
   187  24918
  5520  19431
 20750  11806
 10061  26460
 14295  23643
 25331   3216
  8932   7346
 26258  26638
 26001   4794
 18907  27880
 30312  17474
 12141  12124
 23871    920
 20584  15238
 18290  20108
  4159    897
  3852  14246
 11360   7264
 29025  18119
 25302  13770
 23215  30457
  5555   5493
  6470  22044
  6894  27114
  4140  22815
 18097   5006
 24057   7662
 16559  22314
 26854     37
  9607  25459
 20506   9294
  5931  13816
 24566  16266
  4162  22827
 31438   6427
  9796  31606
 24910  17431
 22042   8189
 16516  12373
 27441  14288
 19420   2520
  3725  29433
 32213  26737
 21087  25386
 15215   2407
 14419  18184
 18177  20854
 20759   8251
 31704   1553
 22501  15492
 11105  19433
 31981  31400
 26441  19002
 12012  32659
 13457  15508
 23192  27234
 18087  26569
  7049   5017
 21997  23663
 19843  27759
  4888  15953
 14354  24354
 13145   6649
  5362  19610
 13494   6377
 29040  10988
  3383  29566
  6975  19108
  2818  10683
 31741  10156
 14798  18407
  1891   6343
 12336    362
 21583  29551
 25378  21953
   123  18530
   303  23724
 21253    127
 17135  32359
 26303   5323
   195  16998
 18519  11487
 19679  25908
 27877   7025
 11472  28911
  5546  19091
  8707  10466
 30877  29580
 20864    270
 20784  19966
 18149  16203
   102  16057
 20100  29060
 10526  20687
 26729  27115
 16545  14088
  8048  32266
 31150   5380
   561  19345
  6507  28183
 18611  14547
 23239  13505
 29668  24032
 12894  25601
  3922  21932
 20411  12477
   335  24408
  8452  21501
  6734  29200
 15668   6214
 23556  20669
 16984   4019
 18682  26003
 22273   4830
 11183  15068
 16225    355
 10872  18994
 22810   9386
  5382  15289
 20627  28705
  5862  29735
  5326   7174
 32195  17523
 17186  26764
 29598  32025
  9401  12205
 16079  32546
  1868  14196
 10355  22142
 30632  29179
  7267   1593
  9735  13089
 15471   2894
 21581  24333
 13922  27899
 26688   8940
 30022  28955
 32046  28809
 12805   4800
 14711  27670
 11596   1254
 13805  19185
  8298  22751
 25361  17885
 24660   4117
  6299  17831
  7223   5441
  9575   5606
 12434  30220
 27494  16331
 17228    419
 28487  14667
 22811  13088
 31898  26939
  4064  29138
  1040  26018
 11359   8611
 29845  24628
 10048  18743
 17513  30856
 22917   2548
  2758  16670
 31447  31259
  1286  31563
 17459  22169
  7350   1839
  4854  20309
 27309  21362
 16115  32153
 19301  25032
  2361  23306
  8750   4107
 28929  19531
 32047  27491
  6983   9056
 32459  32442
  7407  17172
 28642  31801
 21773   2068
  4352  12976
 24107   4759
 26709   9160
  7275  25111
  9054  27328
 18450   5112
   642  10630
 26292   2153
 15026  19205
  6629  16910
 11946  20033
  4925  13182
 14954  10627
 30597  18773
  1479  25765
 19612  10937
  9649  15483
 18309  14530
 20756  14514
 27913  15755
  8563  19488
 31678  13708
 26144   8930
 12490  17390
 23293   8349
  8761  20543
 21140   3322
  1122  16411
 19126  16481
 10451  14725
 16449   7053
 29342  15729
 29145  12766
 16044   6429
 31727   8302
  8578  11939
 11765  22248
 13068  12740
  7871  28500
 27502  22381
  3160   7990
  6673  18619
   982  10038
 29879  15394
 11107  14942
 23563  30696
 29030  32722
  9314   9108
 12098   8465
  9497   9624
 11783  11309
  8535  28126
  6950  16447
 28462  21759
  8385  26575
 25634  23784
 32726  18448
  6484  24272
  5094  19878
  4030  26967
 25584   7090
 11152  24903
 16490   9397
  6855  24837
  4579   7706
  1916  23353
 26901  24488
 23766  20995
  4928   6904
 23101  28109
   642   8626
 21145  12138
  4284  21061
 11561  11431
 11901  13338
 23983  11085
  4521  14310
 28423  13424
 12021  29966
 27675  29514
 11655  18441
 16495  29640
 26205  26984
 19862  21330
 11713  25593
 12939  10944
   235  16440
  3028  15452
 23908    588
 32742   8495
 31689  16397
 23871  19172
 22570   6259
  5087  29767
 27896  17146
 16503  11049
  4593    699
 30110   8181
 12328   6046
 31092   8007
  2859  21270
 24681   4271
 29321  21100
  1980  30051
 13988  22009
 31610   5764
   296  21434
 16339  27198
 30828  18402
 16482    587
 15106   1037
 30876  18106
 23938   9499
 12150   2561
  6578   2419
 14352  31948
 14154  12406
 30332  18818
 26913  32152
 31041   8884
  9648  17660
  9818  20696
    85  30121
  2118  26940
 20034  16753
   320  12702
  6931  31234
  1873   3078
  1628  23521
 19282  24810
 21927  23766
 31436  16626
  4602  28276
 23685   2938
 16838  13363
 14583  22000
 18561  21992
 31474   9694
  5413   5318
 19487  31346
 29793  17711
 16797   4755
  4084   2028
 15678   9245
  6665    215
  2087  11282
 27408   6351
 22343   5169
 32363  18430
 25772  22779
 25451  14682
 16945  15742
 17596  18350
 31118   3248
 20919  10475
 22355  10405
 20197  20640
 19870  14001
 11018  29672
 18250  30385
 13214   9879
 28084  10085
 18637   5201
  5209  18456
  6375   9079
  2900  22740
 27643  12471
   676   6240
  4370   3999
 13511  22073
  6442  28662
 29311   3263
 15448  31712
  8052  11584
 10411  21838
  8059  17965
 26724   6347
 20009  26632
 14219   6537
 31122  32140
 13078  31256
  8547   1799
  3055  31483
 15482   2705
 21801  27634
  6259  20000
 30930   1880
  2981  29772
 11570  31549
 14060  30801
 23285  28515
 12363  19535
 27384   4339
  8796   2431
 27189   1456
  8505  23423
 22213    977
  8462  32277
 20574   7881
 15096   4568
  8191  19133
 11025   1072
 16367   8742
   365  14451
 25060   1376
 15225  14917
  8992  14469
 27280   5953
  9458  24480
   111   9044
 27883   9563
  3266   5672
  3880  26538
 27947   6341
  7063  32297
  6553  23336
 13521  17788
  2482  32318
  5600   7082
 20699   1387
  3927  24041
 10436  23514
 14679  19937
  3534  26418
  1804  19000
 27905  18243
 12917   3406
 15314   1726
 14496  12451
 15097  11371
  3124   6267
 23974  14451
 11901  28945
 24173   4759
 20182   9845
 26002  21113
 10742  17554
 17847  27312
   776   5030
 25373  19566
 20419  23864
 18137  18402
    63  12235
  1466   5042
  5889  18200
 26223   7095
  4783   6372
  8792  30470
 14698  16964
  4423  10981
 16142  22512
 19599  19045
  5936   2255
  9738  28757
 14270  16813
 10881  17914
  2175  29427
  3348   1996
 30915  28261
 30066  10594
 29272  11934
 28939    503
 30070  28993
  6006  22113
  9196  18114
 29599  12187
 19586  20587
  2405  25717
  1406    495
 30291    461
  5232   7346
 31430   8361
 31034  11987
 16339   4420
  1160  26703
 26647    857
 31276  18535
 27418  14053
   898  16794
  4716  24466
  1319  29348
  9761  23514
 32544  16303
 19964  28134
 10986  11199
 21132  18329
 23902   7173
 21474  22199
 21149  11547
  7013  13925
 22929  17709
 11755   1541
 12104  23074
  1931  27373
 13676  19472
 29167  23818
 14968  16999
 31021  14814
 20351   1554
 21708  17381
 10766  10151
 26408  15939
 28255  15285
  9166  12258
 20143  10025
 28150  31175
 24915  15463
 28109  26864
  5115   6490
  6712   7162
 32000  13646
  5140  13051
 31573  29048
  1991   2023
 29714  12802
  7580  32262
 23969  25169
  7325  28518
  6584  15174
 32228  25092
  2034  19509
 18365  32682
 15662   6393
  2872  29048
 25312  31580
 16564   8888
   850  20861
  7920  22571
 17336   1324
 19715  17822
 27870   6682
 19645  18753
 19061   7619
  3438  25398
  5492   2273
 17597  29226
 18190   3728
 17832  18331
 10588  31171
 20163  32266
  3109   2452
 30102   6245
  5463  15794
 23479  12116
 21758  27715
 29682  10754
  3504  21429
 27847  13159
 30722   8197
  1724   2699
 14133   6403
  1677   5677
  1776   9581
 13959  28325
 32361   3674
  4377   8666
 14667  31340
 20044  21781
 32501   1504
 25685    248
  3407  29421
  8720  16847
 18132  17913
 21209  10012
 28516  17985
 21329  24934
 16011  27313
 19455  22222
 28534    792
 23228  14832
  4394   4189
 10363   4381
  5997  20149
  9057  18043
  5274   5961
 25484  21945
 21893  19271
 31792  30311
 27714   6510
 25939  22611
  8424  15457
  4398   2559
 28104  30760
  6548  12875
  1676  32702
 32358  10738
 12590  14655
 22710   7616
 10247  13183
 25421  24374
 11090  16240
 10130  28985
 25997  27229
  9706  15676
 15197  17418
  1300  24898
 28682   6454
 20888   8269
 12630  21517
 25471  32635
 22489  30891
 11791  22036
  1460  29854
  1450   1186
 22586  26751
 20421  24211
 16219  30601
 18224  11626
  8013  31147
 31622  12218
 24353  29125
 22838  20448
  9726   7955
 17316   1547
  5517  13084
 13315  20836
 21214   9227
 17883  20700
  2340   3858
 26685  19277
  7822  27376
 25987  12512
  2362  15464
  6488  30318
 16395   7455
 18026  19372
 13019   2475
 15694  25562
  2741  24816
 10563  26436
 19204   8801
 17486   7002
  8094  22831
  6959  21655
 25342   8573
  1502  28209
 24380   9457
 11923  10281
 16720  13046
 16204   9965
 10320  19865
 11273   7208
   861   3945
  4644  15631
 25696   3086
 22228  14174
 31083  10718
 18391  21903
 10690   3398
   229  30848
 24659  30941
 10881   8026
 22255  24938
 16166  19853
 20974  22816
   305   1262
 31311   2028
  5966   2810
  3765   8546
 12533  14981
  7541   5651
 32042  26271
  8411   7110
 10813  25140
  8766  17574
 26099  11882
 19129  15004
  9498  21929
 19467  17515
  7385   2813
 14318    840
 15668   7984
 20168   4190
 23688   6790
   605  21309
 16686  18920
 20791   4014
 32286   4152
 18864  20518
 32673  29454
 14200  14472
 20125  18665
 23999   1380
  1694  27791
 18033   2057
 20612  28044
 20930  26165
 10531  19204
 16492   2733
 22489  18491
 14327   9464
 12455  26493
 32440  23482
  2972  24782
 17116   3356
 26498  12175
 17384  29004
 26656  18940
  6884  20075
  9082   5190
  3526  15817
 25223  16435
 23822  28038
  9864    678
  3526   9867
 17955  22385
 28795  22136
  3686   3744
  8798   2776
 20780  30082
 11960  23428
  8737  23410
 13123   5432
 30428  14899
 15370  15178
  6038  21128
 11828  21622
   407  16158
 25274   7843
 26956  25619
  4510   8353
  6258  17628
 19955  22428
  2002  23224
 30188   7063
 26627  29564
  7776   2093
  6228  15825
 24092  11193
 24327  18524
  1132  14409
  3278  21450
 17332   8842
  5132   9075
 20873  18474
 12495   4198
 20955  22546
   494   8814
 19370   5322
 18555   6324
  5887  24339
 21902   6131
 31620   4485
  5612   2237
  7178   5414
  2004  29098
 12307   2864
  1009  19699
 19407  13578
 29612  18331
  1837  15847
 21384  11185
 25838  14456
    69   7106
 29922  24579
 31824   2308
 21533  16916
 21633    180
   189  16845
 30349    347
 19534  30463
 22822  29276
 16842   8862
 24637  11672
 15844   8938
  5114   9226
  2011  24895
 23839  15698
 28081  14442
  7830  25353
  6670  13940
 13405   4622
 24627  15025
 10336  27949
    98  13770
  1291  10362
  5368  23727
  5047  16106
 28567  25042
 30046  25264
 10734   9452
 21249  25740
  9314  13858
 32524  12494
 28113  11383
 13026  18027
 17537   8838
 28170   9003
 11419   6769
 15248  14328
 14815   4086
 19786   9134
  6280  19661
 17352  17835
 28072  10498
 22502  27091
  7627  12803
 13475  22024
 20160  17535
  5044  14125
 11951  11948
 22008  11768
 10406  31342
 31959   2079
 10659   1259
 18403  18655
 32135   6193
  8343   9958
 25115   4826
  3665  14591
 22481  23082
 12370  29936
  4345  24627
 18531  27856
 23861   1586
 29703  18638
   199  23188
 21983  16908
 22196  15171
  5785  27921
 11664  19175
 18851  16233
 24301   2032
  3210   7817
 18438  32138
  6309   8697
 31099   6747
 20607  24196
  5863  18929
 31159   9058
 31704   8567
 24473   1987
  4501   7605
 25288  31289
 27107  16518
 16950  21252
 16935  27136
 32034   5603
 13748  17136
  1117  23051
  1284  20858
 19115  31622
 13338   3984
 19371  11863
  6062  14341
  2769  29113
  3247  12248
 14147  17067
  6139  23705
 13942  21682
 30242   6205
 26852  13523
  6315  28868
  9926  31973
 11497  15463
 31951  30473
 18390  12411
 11137   5656
 17445  23290
 20722  28338
 20317  20461
 31212   7440
 13889  20900
 19008  22535
  5922  11334
 30254  30257
 29772  13180
 18916   7332
 25704   1878
 26003  12128
  8402  18613
 14972  19681
 31082  13644
  6317    972
  9351   4055
  2122   4635
 21440   1721
  4378   8239
 24749  19928
 30151  14870
 30692  24644
  3876  29283
 27866  13181
  4288  27112
 23478  23694
 20541  32548
  2891   7060
  4798   6346
 31101    990
  6091  19735
 20632  26301
 12802  10634
 24732   6256
 24722  27696
 24894  32406
 22313  21295
 14511  11552
 19815  31950
  8478   4905
 19977   1998
  8062  14234
  7345  23018
 16021  13001
 24327  10863
  4548   3608
   697  11757
  9357  28017
 18618  11045
 10877  17393
 25469  16844
  5247  18964
 20592   2711
 29671   8038
 27982  16956
 29425  27953
  4754  21570
 18750  28193
  4644   1755
 11946  27990
 25278  20741
 24464  19728
 20034   7016
  7281  29490
 26087   2425
 30710   2898
  3904  25378
  9938  26636
  8059  10714
 31953  10025
 26469  10917
 19181   7833
 27950  30559
 24464  32482
  1441  23710
  2328   3884
 25504  18664
 29681  11987
 11086  20981
 12699  29069
 10442  23343
 16745  14529
  3403  24064
 19333  13232
 18330  25256
 21233  30722
 14042  17300
 15648   1484
  2796  27501
 28973   4308
  8467  12251
 23377  29016
 13465  27057
 27228  30883
 17038  11259
  5790  12720
 24561  21325
  5961  26601
 24425  11948
  8803  18968
  3499  13611
 11255  32140
 23148   4884
 11329   7724
 14807  30042
  5749   5833
 13522  14920
  1923   7865
 29473  21711
 13776  23995
 19113    259
  4546  28215
 13618  18918
  3808  21453
 11910  31533
  3023  13619
 18105  30431
 21533   9326
 20437   4887
 11110  14373
  3632  19888
  6511  22415
 21429  14897
 18409   7469
 14107  25763
 25725   2698
 14567  19809
 13816  12670
  7207   5465
 30103  10540
  1026  10006
 11094  25403
 14615  14829
  9487  14292
 18872   5473
 24120   3514
 27178  14864
  1108   6802
 31130   2688
   165   9028
 30002   7189
  6629  25723
 19554  25186
 14926  12406
 17198  29704
  2743   7525
 11645  32716
 22723  10915
 20477  21763
 21328   4981
 24592  20462
  6056  29594
 10285  22314
 22159  14584
 31859  29511
  8210  31345
 21427  22192
 32646  15920
 13232  24300
 12261  25072
 18147  18064
 32686   2513
  2850  16719
 16309   6793
 24998  19375
 21024  27152
 31512  20955
 30502  26287
 10123  21304
  8260  21319
  2007  29385
 19865  19897
 12783  31032
 27640  16455
  3343  12464
 22120   4722
 26658  23173
 32471  19370
  2165  13190
 28084  22439
 18415  22324
  3549  24691
 14528   8404
 17489  13869
 31682  22774
 17494  27525
 25356  16130
  9990   9448
  8724  25289
   155  18075
   280  24012
 20219  13446
  1147   1448
 30911  10347
 32671   8199
  3784  17862
  2926  20456
 15596  15604
  3217  16120
 18740   2602
 32314  27416
  8426   9177
 16786  16306
 19552  19517
  5513  24166
 32180  29184
 14306  22266
 28088  11661
  4409  20897
 30693  30381
 18239  24669
  6282  15786
 24853  14088
  1823  27513
 23072  22850
 27377   1702
   637  28743
 24174  25002
 24119  16612
 31290  26785
 31697  21789
  3351  11917
 26811   4660
 27037  24334
 22744  30777
 15109  19342
 10928  17620
  9148   3975
 14923   8469
 17300   5620
 18937  24182
 16640  19234
 27897  12187
  9500   5441
  8347   7672
 29322  30800
  5089    153
 17224  28242
 17482  11742
 11013  11400
 15109  28689
 21978  27789
  3295   5059
 13405   4596
 10125  16554
  3360   4457
  6414  16005
 27357   3760
 27706  32142
 30977  26092
  3397   9514
 29692     19
 12289  24124
  5925  22691
 31043  23668
 30875  15810
 12059  18909
  6243  17901
 30094  24913
 12350  32084
 19847  20951
 27953  24426
  8863   4731
 25664   6274
  5287  22906
 31871    670
 16427  29601
 32715   9450
 11306   8890
  4102  11731
  5009  22698
 17104  15775
 18717   7708
 31913   9623
 18729  32705
 17430  21457
 11442   9723
 23861   1051
 25773  27876
  6098  21757
  7874  15249
 22871  22284
 12736   2543
 11794  29247
 22239  28209
 27238   8054
 30213   8733
 19922  21866
   314  19280
 23299  31353
 27407  18490
 30491   5572
 31604   4121
 24186  28850
 16100   4791
 28767  18250
  2018  21334
  4137  25942
  1667  22817
 20644   3226
  3212    193
 29444  23844
 11904  17018
 31227   9389
 32192  17595
  9436  22633
  2658  31762
 11538    685
 21176  29108
 26780  17015
 11271  23741
 10383   5988
 21872  30356
 28282   1056
 10505   2119
  9310   4302
 17766  12198
 22669   5561
 25763  23331
 27342  30076
  8099  12689
 26102    131
 22862  32402
 22246   9888
 27920  10280
 28257   5705
 13791    383
  6426  31919
 15014    219
 27453  16695
 28301  12922
 20735  24492
 21953  23250
 13245  11539
  8955  15197
 19556  27978
  4467   7353
 19507  11791
 28383  10054
  4542  29750
 14415   6785
 14626  12443
 25511   1960
 17788  17666
 24779  25460
 10706  10420
  1531  23910
 30586   5684
  8436   8965
  1539  26202
 15020  16118
 30567  31289
  6363  29952
 30166  26588
  4932  27839
 29839  11010
 31141  10201
 23218  14836
 25338   8436
 26409  14396
  4590   9695
 25488  12439
 29053  26710
  3791  29252
 32436   8290
 28332  17080
   419  13681
 13190  15595
 27297   7636
 17993   5670
 13990  10210
 19511  19067
 17472  13864
 30143  20469
 11071  11668
 14149   6230
  1577   5832
 30663   2285
 19081  13242
 20315  25547
  4845  22930
 22146  21666
 11068   4521
 22630  11985
 16670  20607
   355   7411
 21100  12204
  1547  20852
   613   8616
  7351  10966
 23446  10267
 14038  32241
  4949  28035
 25157   4208
  4206  16687
 27826   2684
 22564  15186
 20980  18324
 31606   8707
  3355  17664
 30013   3548
 27949  15095
 29966   3454
  2288   2571
 20752  19619
  1844   5993
  4933  14822
 13691  20839
 32591   7169
 22623  11687
 16735   3084
 24047  24570
  7251  20628
 31162  23638
  5275   4366
 26141  20352
 23036  24723
 14886  27893
 14432   2534
 15598   8725
 28174   4053
 24021   1433
  1190  14340
 22177   8289
 13489   4432
 19569  19590
 32259  23144
 29837  20107
 12356  31506
 31225   6584
  8047  28338
  8634  21786
  6752  12242
 29192   5533
 25182  20966
   329  20502
 30877  19265
 23728  27500
   658  18592
 21815   4065
  6673  11403
  6115  16531
 30593  18084
   444  29773
  2414  27757
  6124  29142
  3549    471
 17167  11183
 23037  25219
 11535  10736
 28795  29888
 20752  17584
 17544  22409
  3116  15495
 18515  28903
 17890  10967
 19387   8282
  2997  19331
 26634  16755
 18994  21216
  5717   8127
 28163   7131
 14372   8844
 19320   3332
 22506   4874
 19898   8736
 19822  31291
 22071  10384
 32706   6089
 20590  13865
 15368  19319
  6069  19763
 30705   1770
 10106   2141
 21996  19556
  2180  11165
  1382   5053
  7822  25149
  5251  23734
 21131  26646
 21570   4984
   789  28400
 29051  20849
 11049  26340
 27270  27631
  3896  16304
 27546  10051
  4964  27506
  7592  26209
 14052  31513
 24856  11499
 15865  18498
 15953   1350
 15582   9603
 18793   6960
 15496  12008
 30753    586
 20858  13208
 11590  22546
  2782   1098
 25074  17303
 11347   8090
  1064  20220
  6393  30386
 28097  26078
  5577   1220
 23349  22506
  4577  28713
 19944  27268
 11498  21377
 23069   7038
 20303  24791
    31  12189
 25049   1058
 24347  14899
 12147  16961
 32038   4445
  7280  17669
  1007  14590
 23561   7493
  3787  29420
 23202  31775
 27179  21946
 32616  18931
  1151  28289
 14713   4894
 11758  27116
 26072   4459
 26961   4842
 22392  26702
 21183  27283
  7991  20250
 31966  24254
 20112  26031
 26300  24502
 24170  10171
   831   6017
 10134  10945
 29996  24242
  4585  27067
  1731  11583
  8382  25747
 12771   9793
   549  11172
 24769   4415
 27712  25328
  3001  29541
 10313  17000
 19856  16492
 11240  12411
  3287    650
 26983  12922
 29241  16495
 25087  28342
  7240  28724
 28618  19403
  4380  28759
 22407  30248
 21729  20703
 32184  12753
 13678  21493
  4986  15830
 14883  24475
 19113   9716
 23565  27432
 28227  21612
  7281   3908
 17783    972
  4794  13414
  4200  16546
 31350   6706
 29641  31687
 11655  11274
 17115  28030
  7774  24690
  6278  14811
  3274  28653
 25370  23076
  6644  31915
 20682  19242
 31896  10523
  3310   7210
  7566  29693
 28781  15983
 31074  31591
  7965  24163
 29217  17722
  5335  10335
  7158  31967
 10272  25927
  8075  24599
  9841  26139
  6579   7495
   895  17719
 31949  13532
 22190  11535
  9349  28594
    20  24068
  4216   6527
  4659  12458
  2223  30396
 19236  23087
 17460  12542
 23656  25478
 11560  26045
  5060  24459
 32513  22021
  6968   6823
  5620  16281
 26044  20999
 15945  16908
 32628   7851
 13913  22001
  6828    110
 16037  17975
 28667  32728
 17335  27001
 29645  20022
 12716  27483
 11086  20251
 20494   3711
 30301  27755
 24305  12980
 13550  12071
 15935  32430
    92  30469
 25287  30970
  6515   1538
  8292  11090
 15064  21250
  1576  10647
  7671  28799
 17256  12651
  4783  29892
 26526  32741
  3337  30239
  4510  17168
 14418  17757
 24013   2187
  1263  23840
  4270  12215
 21157  12417
  8377  27922
 28872  25471
  3550  28441
  4298  31748
 24478  20481
 12171   2781
  3653  28824
  6704  25826
 30153   8174
 22939   4708
 20280  29447
  1020   7408
 29047  19460
  5972  10958
  3515  20234
 28256  10116
  5230  11440
  4212  26087
 27268  26674
 15405  14945
 24219  16179
  9731  23546
  4769  26420
 31372  13173
  4003    785
 26084  32447
 23424  29113
  1616  25359
 23790  23640
 30955   4716
 15296  19035
 18458  23865
 24162  21997
 12777  19146
 30904   7558
     8  15406
 27797  31531
 24010   4923
   860  15902
  3415  14563
 22499  16441
   625   5561
 21947  14041
 26111  15806
   124   5287
 23463   9738
 11509  23408
  3567   6855
 27660  17385
  6946  19318
 14873  28373
 19744  18863
 32337  13203
 14875  15472
 22305    468
 10113  15152
 30350  24363
  2256  15550
 29611  24460
 12575  30300
 17503   9632
  6555  28637
 18407  13150
 17608  26038
 11046   5265
 11065  22116
 27301   3600
 25315   1233
   981  22956
 20283  22118
 10789   3569
  4576  15518
 14729  25231
 14188  23505
 32239  12292
   332   7015
 24060  30636
 22122  20239
  4736  13891
 27687  14543
 26495  18152
 21883  21804
 20049   6449
 18120  32048
 21199  24241
 19242   1530
 16992  10530
 10289  11989
 32673   2679
  7131    444
 16094  21915
  5713   5815
 12166  21909
 32574   4370
 16247   1914
 26724  16765
  4934  12757
 19198  16116
  4396   5270
 21046  22676
 19332  23238
 23768   9638
 30285   4513
 24221  19068
 11800   3948
 19381  29886
  9185  10598
 10058  30792
   560   8114
 26940   1904
 15960   9819
 29563  25005
 14805   4963
  4788  14180
 31223   1493
  5864  20471
 30781  23645
 23005  29078
 13860  14893
 28096  19295
 28854   5619
 11243  28609
 20824  13140
 10828  13680
 23254  18316
 20091  23065
  3578  23403
 21578  13874
 23811  30869
 20481  31251
 12098  28443
 22995  16642
 26422   8225
 25262   4151
 30620  30598
 25900  20750
  1106   6810
  1690  19464
 26862  11719
 21127   7338
 10540  21514
 27001  22075
  4480  13856
  7257  24995
 31980  15780
 30672  21115
 20236  27395
 25741   5134
 32520  29022
 17741  14151
 17442  24161
 25712   9215
 19424   5756
 12130  22369
 17022  18856
  1260  15824
  4461  11799
 28428  31115
 10194  23311
 11295  23483
  2624  26320
 13353  24682
  6369  10476
 27948  13992
  3480  29421
 24194  11627
 10650   4581
 15004   7982
 28673   7247
 30264   5844
 22376  29444
   850   1760
  4228  30161
  9948  31261
 17823  25262
 15812   1342
   785   4519
 13892  26864
 27250   2517
 21682  27280
 20867   4246
 14738  26680
 19867  17058
 11333  32317
 18700  11754
 10428  13783
  8309  22050
  3613  21820
 15034   8235
 25173   2736
 20950   2182
 13933  16472
 31264  16076
 14112  29652
 20148   7607
 31724  10553
 15882  22787
 11887   1738
 25389   7692
  8204  20506
 21404   2638
 25104  25085
  9778  25889
 15456  15210
 21733   7450
  4638   7040
  1189  27378
 32248  19838
 18598  13376
 26263  30082
 24447  16732
 28380  23499
 14724     30
 15983  26836
 17155  28272
 29089  19993
 28574  13360
 26924  21288
   968   7692
 19074  15189
  2067  17979
 14858  22426
  2293   6995
  7495  11470
 10918  14383
  2291  17789
 14763   7350
  9883  10151
  5698  18948
 28546   8753
 26171  11121
 11081  22426
 10717  28931
 23986  16441
  7265  20854
  8039  13585
 28602  22018
   916   7851
  8295  16076
 25350  17392
  1465  25653
   771   8529
 17321  16829
  8638   3938
  1542   7783
 26088   2800
   922  15106
 26085  21032
 20498    127
 29506     65
 17153  10639
 18447  18967
 16992  10076
 11980  15181
  2515  32634
 20202   2171
  6744  20775
  5296  31746
  1701  11204
  4923  10315
 18409   1145
 31842  11248
  3912   8921
  3954  11803
  3948  19627
 31571   6197
  5344  12741
 10690  29962
 21708  32219
  8658   5600
 27202   3630
   891  28369
 24491  23391
   530  23040
 23070  24404
 26578   9321
 20682  18265
  6891  18404
 23822  27245
 22547  20408
 23967  21092
 32133  29979
 17998   7890
 10926   5623
 14257   5729
 22216   9174
 30829  29858
 32343  23938
 18905  16259
 27397  31123
  8713  27269
 25068  28926
 11837    756
  3049  16622
  9493  28014
  1427   7379
 27765    618
  7797   4795
  8713   5984
  4369  13078
 12254  16453
 26697  21378
 10937  30778
 22264  25901
 15054  20430
  4415   2001
 24423   1492
  3075  10632
 25588  22902
  4072   6828
 11038  24253
 28012  28398
 26580  23271
  5398  20180
 31520  15641
 22746  11785
 18662  16126
 31835  13424
 10165  19764
 17400  31969
 23951    472
 19684   8717
 21353   5505
 16775   7999
   944   4397
 28616  22728
 18500  15335
 21834  10718
 15951  31093
 28289  10441
 20810  13895
 16340  11679
 16978  13391
 19943   7214
 14614  23144
  9943    766
 11267   5347
 28569  25544
 29959  19301
  3652  13594
 16301  23287
 19831  31244
  5941  28954
 31250  14054
 13366  26028
 24656  11734
 26570  30696
 18500  31768
  5962  21225
  5294   1956
   307  19835
 24127  17047
 24385   4255
 22047  16673
 31010  10570
  9283  20557
 14219    294
 29476  20462
   756  28068
 32100   9310
   283  21544
 26988  20923
  3781   4169
 29203   6621
 24773   6555
  3002  30944
 13064  16286
  7882  15695
  2653  23670
 26720  28106
 11549   9158
 10292   7501
 16323  16110
 24820  29353
 30735  26854
 31140  10705
 14310   8724
   361  29683
 24355  12831
 27248  17612
 21045  22261
 22104   4456
  3240  10947
  4678  31169
  8117  12117
 18442   4210
 25597   9619
  5200  26957
 25482     73
 22841   4551
 30819   6097
 31868  20639
 14687  18735
  5716  20835
 10476  16417
 29174  13297
  4274  13688
   906  10511
 21574  28503
 32122   5721
  8382   6130
 28066    702
 13826  13162
 29120  20547
 24904  19044
 11043  24882
 20821   4828
 10211    283
 28988   3163
  6414   8840
 21539   6430
 14675  18378
  9387   4151
 28670   8511
  6057  10876
 11373  24764
 14418  23961
 29723  23986
 21194  28761
 10365  32614
 24957   3206
 31736  25292
 13455  11393
 14751  13362
  7597   7329
 22559   9772
 29733  25753
 29803  28423
 17935  20488
 18049  13521
 28206   7360
 25896  12708
 32635  31092
 21221   4778
  9705  17054
  9662  19504
 10292   6522
 20170  19576
 29503  30770
 14670   2437
 24937  30396
 26888  22680
 19844   8161
 25595  32718
 17150   4388
 24307   1113
 32068  24919
  8445  19780
 11457  26706
 18057  20677
  3592  22782
  6354  24545
   234   2424
  2729  19119
  7122  16852
  3304    527
 24637  14626
 24605   5949
  3688  11178
  5570  17784
 16625  20827
 15298   7930
 32613  13782
 19531   2088
 28152   5361
 10170  30424
 26241  20642
  1680  14204
  9473  17548
 16216  24466
 14900  13752
 13253   8006
  9750  12939
  5848  28913
 31078   6693
  6948    723
  6251  26289
 26071  18355
  3483   4712
 19654  28820
 11403   6856
 28909  20959
  9086  15210
 29492  14412
 23722  30081
 26758   7798
 31368  30995
 26658   9911
  6289  26879
 16555  25236
 17122  32154
 30287  10469
  2854  32402
 26385  14135
 27508  21131
  3637  15466
 31818   8528
 12906  26608
 16530  18124
 25286   6369
  6737   9546
 28544   1019
 28265  29432
 26406  18990
 13062  22873
  3673  16458
 24809  30594
 32225    556
  5309  25971
  9015   6711
  5512  11844
 21952  15239
 29880   4041
 13539   4008
 16861  17194
 28673  24214
 20621  16107
 11108  10905
 13479   1488
  8040  29776
 19732  12116
  8139   2855
  3471  18462
 30476   4702
  5596  22270
 20334   3127
 21102  17376
  7085   3746
 13526  22923
  2698   5150
  1952  19370
 14776  12174
 17033  15327
  8154   7092
 17283  31061
  1520  31171
 11187  13843
  1121  29539
 15311   7825
  9785  27306
  6635   5822
 18478  20189
  1597  29219
 11178  25268
 20850   8902
 20133   9557
 13411  20114
 26295  14644
  3829  14599
 14920  32042
  5481  21769
 20932  28361
  7353  16682
  2507  18184
 16097  27000
  5682  12923
 30525   4417
  1463  32195
  2186  17163
 19345  28884
 28147  32210
 21412  21805
 25993  13856
    45  27458
 13681  13325
 19846  23397
 30771  27439
 24034  24932
 23792  20004
  6493   3366
 25630  26631
 21955   9400
  2489  17864
 28422  32456
 15585   9983
 10412    662
 16293    245
 32691  24785
 32374  29150
 25229  18236
 22138  12625
  3090  20461
 16098  21573
 29136  14326
  2203   7826
 25570   3456
 16218  15258
 27617  16770
 18445  14444
 19273  28386
 11719  16530
 19322  15091
 15240  29866
  6098   1706
 17958   8326
  1269   1140
 28120   2638
 16583  17528
  5596   6909
 12441  29796
 22154   2704
  7158   1220
 27071  14808
 16974  29818
 29527  11463
  4565  19308
 27186    179
 20980  25507
 11931  23150
 14699  10451
  5962   6734
 22292  18568
 18314   9354
  1554   4732
 14760  22710
 28246   7092
 23968  19406
 32466  17714
 29487  16195
 18109  28544
  8529  26911
 22684   6137
 25993  21358
 12372  32515
   171   3081
 16994  31748
 25321   7116
 30093  13416
 28465  20725
 15271  16190
 20525    627
 11314    560
  9445    282
 27565    984
 17949  16982
   633  31218
 24834  16911
  8479  16549
  6691   7454
 14425  24178
 24991  13137
 26543    775
 17786  20807
 29917   1492
 23044   5085
 31411   5222
  9325   9815
 31471  15366
 15891  10856
 18822   4666
 15850  26398
 26763  29809
 14823  11950
 17383  30952
 11838  18475
  9992  32053
  8517  23163
 14960   5801
 28290    663
   702   3419
  2868   5452
 18582  21772
  1221  22941
  1003  29290
 10911  23902
 31614  17544
 12229  21330
  6746  20765
 17827   9527
 14966  22241
 23425   9024
 30968  24536
 29087  21726
 23425  14889
  6830   8056
  7696  14560
 29407  31228
 18451  20302
   932   5902
 30884  23863
 19274  29273
  9136  17485
  9733    745
 25302  16474
  9259     56
  1983  27438
 22775  20485
 17682  14348
 21424  16448
  7565  31786
 24695  27749
  9531  29336
 18299  25783
 10504   2653
 23248  19969
 10432   8461
  6700  27128
 29822   4001
  3591  23865
 10264  21009
  2673  11316
 32538   5433
  1933    602
 24023   3339
 28360  24220
 21926   9253
  3896   4082
 31509   5263
  6596  24643
  5796  20752
 12573  25035
 32398  20984
 28483  19237
 20591  25817
  6285  19084
  5003  19309
 11157  24017
 10679  21512
  8462  20493
 31015  10360
  4691   2157
  6745  27737
 24782  16549
   581  12450
 25384  29135
 25625  22770
   683  22976
  8718  23178
  3965  14749
 30844  23225
  3223   2616
 12431  28961
 15503   4220
  2711  21393
 10656  20755
  7812   1983
  8742  30581
 12612   2106
 15796  21327
 12075  27911
 20148   5076
 14289  17880
 27559    424
   628   1922
 17990   1275
  2282  25893
 19651   2366
 16796   1573
 21083   3481
   254  30348
 25538  20547
  7126   4600
 11594  10761
 27432  14183
 21410  27105
 28741  13643
 31873  22919
 29992  18926
  5505  15030
  1584  30698
 18840  28735
  1183   1617
 20265  31066
  3053  16122
 23211  15398
  2408   7359
  1736  19599
 16563  21063
 28489   7895
 11906   9494
 16041    717
 11537  32723
 32674  31419
  9369   8778
  1711  15624
  8559  12726
 10370  29144
 12019  27763
 18362  26789
 22942  26985
 28431  30948
  7425  26066
 30682   2747
  8226  30395
 31742  10545
 28829  21513
  1230  10455
  7028  26587
 22159   2124
  6779  12284
  5353   2456
  4898   6891
  1084  11309
 29705  15346
 17687   6567
 29269   2245
 17059  14086
 28566  12449
 17772  30616
  6368  21428
 21983   7637
 23850  22267
  9258    882
 11167  23549
  7701   2314
  7216  28063
 14818  19642
  2181   5946
 21423  24229
  8100  17946
 32758  23541
 19048   9899
 27199  10579
 19468   5900
  9538   6843
 25639  11199
 11979   6197
 27728   5523
 29572   1946
 19060   8491
 16064  16160
 17374    363
  2700  28948
 26400   2596
 29058   3890
  8823  27725
  7418   9542
 10366   6213
 16159  13268
 20310   9799
 13543  22969
 27377  31737
  4951   6212
 10054  24024
  5489   2345
 14953  27190
 21707  22013
 25249  11205
  4300   8983
 32078  32156
 13485  11350
  9729  28591
  8464  11024
   440  30729
  7189  26104
 16872   5034
 15534  19419
  8635   3312
 16541  14522
 23399    540
 15857  27829
 17138  17353
  4745  14526
  8515  21072
 18367   1269
 22851  11556
 21372  26547
 11996  27997
 22608  15516
 19539   5115
 13620  15685
 20396  11785
 13613  24158
 10959   2054
 25731  15840
 31684  17265
  2696  14820
 30303   5360
 23893  20758
  8044  26494
 31349  21280
  1680  13681
 20773   2316
  3480  18204
 28500   7589
  2253   4204
 18938  28791
 24186  19322
 20281   2341
 32519  20812
  2192  15577
 28988  18586
 11486  20041
 20040  29716
 25856  28345
 20831  28324
 17705  14654
 29223  10382
 13778  31188
 24072  14472
 32537   8556
 16783  32574
 29187    817
 17161  29616
 15975  21495
 23824  26090
 26418   7016
  6416  24954
 10206  28858
 24173   4225
 30138   5955
 23590  23684
 30981   6051
 13538  18039
 20779  18739
 21793  22727
 19293  18003
 16651  11173
 17458  25121
  5223   1734
  1540  27700
 16176  32508
 27537  10301
 12794  22278
 24398   1324
 24093  28769
 17538  32415
 12367   5221
  8796  31052
  1158   6720
 18279  26771
  7492  18619
 29559   4599
 15974  23142
  6237  18349
 24045   8337
  2197   2836
  6029  14580
  7127   3005
 30652   1975
 14833   8457
 18458  17218
 30227  26613
  8987  16802
 29029  31318
  2889  15280
 10456  24740
   284  19886
 21947  28102
 16537  16022
  9085  10521
 28593  30836
  6613  27736
  4848  32636
 11774  20809
 11581   4217
  5663  16395
 20736   2325
  8272  12049
 17973  19896
 17786  24312
 26073  30059
 21494  16107
  9456   6283
 25937  17436
 30747  25313
 11867  27697
  3458  32174
 21295   5513
  8713  32211
  1826  18696
 21784  16926
 20711  22933
 29737  19887
  1585  14922
 15850  13019
  6872   6906
  2011   3976
 25071  31685
  3702  31112
 12947   7641
 20225  18246
  9914   9586
 15446  28715
 27323  11696
  2361  21428
 25926    561
 22708   9037
  8104   5769
 22287  14538
 20016   5356
 21978  27397
  6869   2482
 18169  32442
 23986   6388
 15145  16474
