6400
 19015    925
  2221  18005
 20220  15868
 32634  28708
  7105  11705
 13339   5554
 18232  27198
  8798   8493
 32635  12473
 26330  23789
  7550    664
 31638   3430
 19609   6142
 28279  27004
 24066  14530
  6812   6322
 31928  17033
 24968    767
   724  21035
 14529  24423
  4464  23914
 14783  32113
 15691  17585
   672   4958
 23632  29330
 12034  15595
 21583  16632
 31848  16744
 17787  17876
 20692  25892
 12526   7991
  1021   4830
 11437  20719
 29641  11006
  3156   3182
 30350  32049
 21516   2719
  5496  24190
  8165  17167
 13783  21345
 27590  17376
 23035  18372
 14785   2903
 13297  21382
 20773  18843
 15005  22940
 11686  13467
 19249   5273
 25445   8227
 26139   2181
 17368  12802
 31275   9945
 29725   6399
 12109  17667
  1325    569
  8853  19269
 20692  12966
 14285  11353
  5407   2775
  9329  23748
 12003   9453
 18640  31422
 12373   5436
  7543  24501
 25178  13318
  1264   9834
 24506   9185
 14157  10943
 15457  24336
 19047  19161
 32215  25636
 17900  15831
 13586  15969
 15789  12239
 19903   4556
   487   8861
  8299  26819
  2372  16326
  6287  13954
 26923   6976
  7589  32257
 26600  11663
  4102  18639
 17239  29510
 13270     85
  2845  22805
  4730  19211
 27982  30649
  9814  30026
 24738  14142
 24050  11279
 27270  29241
 30498  22997
  7670   6431
 17894  20580
 18666  31955
 19688  19596
 20928  10952
  6320  21487
 10001   8779
  1597  27637
  1926  25099
  3943  16668
  8935    246
 10979  17942
 19131  22996
 25722  11217
  8635   3112
 10212  22910
  2774  16047
   766  21335
 16679   4724
 21166   3883
  2752  32074
 10823  10193
 21225  23836
  4893  16341
  8831  21470
 24317  19630
  3193   3874
 19462  17976
 10932  15234
  5249  29415
  3494  24728
  9545  21272
 28181  22166
  7972  10942
  4173  27883
 14928  12015
 30119  11662
 14637   5637
 30129   2297
 25422  20543
 28989    902
 12923  12525
 31935  30703
 22336  11426
 24107  28711
 17422  14495
 14103  23571
 16485  28130
 25327  13443
 30306   3037
 20828  27291
  3167  15227
  7962  27838
  4936  15148
 30167  14338
 17653   5119
 27482  20567
 14683  23313
 30531  25671
  5608  16645
 13893  10033
 22774   3089
  3084   1203
 20498  17247
 20220  29044
 10260   4424
 12546  25305
 14723  11392
  1932  31899
 29756  14215
 19750   1721
 19985  13574
  9566  16395
 10018  15368
 26305    996
 15187  32659
  5856  24526
 21590  21228
  9387  10205
 24246  23094
 23035   7171
 15358  25303
 30012  29132
 23525  30657
 26545  16360
 22557   1034
  1794  10742
  1405   1417
 21969  21327
 18358  20140
 17919    363
 18806  12608
 12353  26002
 15494   1229
 19141  22653
  7809   9621
 20509  16687
 30173  10770
  6002   9405
  3857  15251
 12136  13141
 19617   9197
  8484  28004
 29300   6567
 25795  21190
 25139   2676
 31532  30468
 11275  14466
  4924  21919
  9612  25354
   973  32184
 25658  18704
 11991   3490
  6020   4904
 12563  18168
  7769  15838
 32550   3809
   222  29370
  3803  25205
 21143  17794
 17885  21654
 10820    674
  9664   9074
 19002  21140
 24548  27728
  6164  27912
 23896  12844
 26750  24834
  7208  18304
 20840   6748
 31412   3870
 18881  32670
 23529  20427
 21364  20196
  7874  32735
 13938  16360
 23788  14959
 32753  29173
  7891   8109
 20153   3381
 20153  23392
  5861  20744
 15386  13223
  3978   3955
  2159  24745
  8634  26103
  7593  27909
 24926   9446
 23966  27381
  8010  24784
   770  29076
 17539  10607
 11504  26645
 15866  29404
 27646  21755
 26229  12522
 21587  26772
   722   6524
 28001   9051
 30587   3439
 15024  24966
 25086  27833
  6184  14345
 30523  29020
  6163  26579
  1729  15982
 15377  22840
 25273  14359
  4518  29289
 22183   9253
 25784  29577
 13747  24508
  8081   5350
  7477  22228
 15126  22175
  3350    243
  1891  27731
 17176  10442
 29664  32238
 26563   6465
 32353   9165
 32102  11076
  9703  16161
  1664  18284
 17303   1779
 32546  31279
 18993  10628
 17337  10368
 12867   3113
 26846   1489
 16948  30754
 26384  22339
 29125   6372
 30698   5932
  3866  12849
 30879   9962
   220  32302
 20523  13571
 26563  29639
 27459   3366
 26276  19430
 10569  31897
  4530  23219
  7408  20114
 21594   7480
 10637  29270
 19403  14759
 10185  25555
 30624  26865
 20069  17321
 14420  32230
 20002  13514
  9598  11400
 27675  27797
  1636   8645
 28527  12876
 25364  30897
  3076  12407
  8567   6284
 27533   1558
  8595  31385
 16869  22202
 26746  22079
  9629    932
 18332   5343
 30491   8521
 23647  28687
 30506  15337
 23250  30625
  9100  31664
 22729  20557
 22523   4306
 18721  26369
 31255  28415
 16396   6866
 18095  25788
 29094    940
 12254  30614
  3691   9467
  6562   1317
  8710  28936
 15195  28477
  1788  20085
 20355  14063
 17766   8412
 12761  22246
  8040   5668
 14958  21947
 32516  23631
 18302  26812
 30253  30891
 30732  18177
 23281  22094
 26559  31770
 31187  31792
  5356   5271
  9255  11139
 25023  27221
 30200  18179
 30931  22940
 18357  12317
 15762  19511
 32241  15640
 19806  18364
 31106  19428
 32057   5437
  8993  25148
 30735  27117
  4005  26888
 19858  17112
  4076   9510
 31832  27881
 15877   8815
   326   2799
 32457  16794
 10744   7376
  1170  27193
  6453  11808
  6026   5627
 24445  29274
 16124  20838
  7081  20299
   918   6844
 24707  31061
 21877  28082
  3350  29470
  1142   8278
 19148   3360
  4795   4796
   743   3943
  1711   4721
  5360  24329
  7195  12249
   609  23342
  3466  15645
 13590  30094
 29941   9186
 11104  23955
 27392  29460
  5556  21152
 22465  15522
  4150   2750
   430  31268
 23036  12849
   829  24436
  4516   4875
 19785  19689
  9022  22883
 25373   1254
  8074  25103
  8374   3906
  3097  14818
 14377  16719
 23673  10206
 28533   1269
 26133  15360
  5190   2128
 21502  10339
  4816  28693
 29108  21861
  9132  12672
 14628  29063
 18874  30438
 18639  10523
 21773    115
 31794    545
 13567   3869
  1692  18711
 32528   4764
 29801  22715
 18442  28270
 24677  20541
  8772   6530
 23569  21092
  4372   9864
 23957  28474
 23327  12279
 29379  14045
 23106  23724
 11614  11663
   104  25891
 17304  18566
 30657  31562
 15329   2883
 18162  18490
 19033  11189
  7600  19980
  8278  24300
  5173  21490
  1178  31250
 21287  12017
 18786  16070
 28145   4324
 24875  23502
  1626  17715
 27739  31423
 11690   8725
 31220   2482
 26747  21699
 12251  10353
 19313  12064
  4600  10245
  3730  16234
 20910    311
 13298  17277
 29384  31624
 24363   7826
  9153  21908
 12941  17037
 31333   3794
  4949  18180
 11086   8269
   183  31816
 29734  30589
  1042   5599
 28978  20164
  2198  15960
 13520   1980
  9201   6227
 10735   8987
 22883  29124
 25530  23040
 24373  30131
 18303  10247
 12478  27971
 24688  18820
 11130  32144
 18108   1283
 21703   8333
 19949   5046
 21128  22980
  7628   7448
 18272   7431
 31261   2941
 31361   9813
  6269  16684
  7084  17499
  6654  30881
  6213   5976
 11095  25147
 27513   3488
 10330  29336
 22432  24329
 21902   5837
  4820  24037
  7838  16177
  5950  13415
  3531  29218
 29901  24820
 15646  31398
 23876  11484
 27966   6863
  7387   9071
 10621   4049
  9162   4482
 22583  16743
  5419  26460
 20428  19526
  2894  29371
 17140   3900
 17034  18547
 11351   9562
 25518  31487
 25880  24595
   875  17813
 29167   4104
  4846  25548
 13764   6404
 12306  10482
 25077   7941
 11162  30176
 26116  12733
 28294   4237
  8487  28480
   855  10215
 16075   3213
  5550   1249
 23987  17476
 19625  15618
 19303   1205
  5989   7060
 14554   4881
  7608  13975
  4337  10656
  6710   6207
  6126   6932
 26736    779
 16097  28872
  4047  21875
 17942   4640
 14071   3352
 17537  16160
 11792  31816
 10753  20797
   532  11676
  2745   1551
 15628  12508
 16432  23938
 11717    986
 14618  20243
 11548  24137
  3116   6407
  8938  24130
 26863  29780
 23721  13508
 18594  23898
  7022  10241
 30844  27522
 24055  14492
 18426  14813
  2340  15786
 21603  29575
 27113  28957
 13465   3489
  1532   7538
  1197   9382
 32056  23104
 12710  13672
 30469   7580
  5785  21961
 25186  13423
 17096   2990
 31264  11730
  7164    232
  8972  10644
 23282    406
 22814   9776
 27798  19328
  2116  32473
 32749   9444
  4965  18711
  7512   5946
 29124  11961
  4605  30743
  6682  25289
 15701    525
 24772  20203
 31889   5911
  6448  23569
 22405   1076
  7111   4624
 24209  15304
  6800   9044
 31836  25981
 19769   1261
  5767  21286
 30470    375
 11690   4752
 28531  23387
  4205  29847
 25438  17988
 29414  28135
 15708  14588
 14496  12863
 30366  12792
  7100   3953
 14177  24070
  4357  25167
 18705   8151
 18983    194
  6460    150
  4890  11867
 16960  14283
 17723  25346
 23964  24327
 19267  26338
 22232  21266
 20778   3808
  8525  16381
 28493  20075
 21988  19014
 22740   9691
 24634   8427
  7098  18583
 30588   4365
  6349  14194
  9007  17408
 24841   5817
  9643  22002
 13138   3018
 17894   8830
 23510   3256
 29415  21238
  8276  22689
   407    169
 14393  28147
 24594   5536
 19568   7259
 24780  31896
 14987  27433
 30383  17240
 27924   5685
 11751  29001
 13623   1905
 21111  16650
  6148  20928
 20086  27532
 13558  31602
    54  11052
  1979  32471
 20970  13925
  8801    811
  5739  13669
  9733  22150
 17170  12470
  8572  23487
  7879  22303
 31154   6231
  2110  11790
  5472   5083
 20037   7305
 27619  15004
 20124   6322
 24548  12880
  9282   2468
  1304  15250
  8684  25354
 15027   7130
 22405  14089
 16837   6183
 27258   4777
 24810   2519
 31450  11846
 29141  18533
  6047  20338
 11756  20776
 31107   3543
 15896  16565
 15871  25934
 22473  10574
 30287   8888
 27213  23082
 25872   3880
   296   6442
 14049  28651
 14846  11061
 10322  11763
  2117  10174
  5948   2604
   550  17748
 11538  16042
 13893  27797
  2126  16484
 26897  31559
 15947  30276
 17319   7282
 22250  16230
  8620  18072
  9430  25302
  3152  13334
 26381  14771
  3843   6748
  2737  19747
 18239  27685
 12850   6684
 12368  27680
 25801  22017
  9131  11803
 11724  27204
 32159  31533
 32608  28454
 20177  21404
 18915  23562
 30906  24928
 23974  22265
  7024   3679
 30269  20264
  9617  16379
  9702  11066
 19847  28722
  3895  14928
 24835  26091
 20526  30309
 27275  10141
 14854   4422
  9376   7209
 15866  20448
 24541   9947
  4813   6036
 12661  22508
 17936  16139
 22289   4090
  7531   2441
 23471  27044
  6247   3478
 10491  27153
 11444   9056
 17531  23200
 10864   5487
  3664  20638
 27212  20624
 14115   2719
  7393  23260
 28188  32571
 21497  13126
  6680  16752
 16547  27492
    24  20738
 25072  15973
 29723  20511
  2364   1627
 25181   1027
  7233  19011
 27012   2067
 22415   1003
 16318  20078
 11277  24242
 19723  15834
  6295  17329
 13711   5144
 28658  25320
 27487  16457
 14389   9223
 19802  20522
 18855  32248
  6184   9193
 24811   8027
  6279   4080
 15710  12482
 14077  32163
 28137  11491
 18880  10462
  4660   5192
   565   9932
 21892  26183
  2394   9452
 28030  11653
 11599  26591
  9904  15334
 14257  13739
 24965  29184
 12326  28218
 31975  11648
 23075  22394
  6836  26230
  3042  15450
  2633   3364
  3269  11119
 15622  13065
 12831  21326
  2209  18051
  1208  28579
  7703   7839
 25211   9992
  1634  31919
 29841  25275
 22200   7447
 21064   1661
  7549   3251
 32222  18572
 10700  31292
 17868  31630
 11890   9038
 18571  13058
 29826  11624
 27144  17889
 15017   6255
 23157   9066
 18152   2031
 14788  30435
 28101  11026
 24350   3445
 25156  14989
  2055  23641
 20031   1097
 14622  15977
 11605   7219
 28152  20996
 27179   6228
 29823  10254
 13624  11945
 20892  16883
  9665   4322
   733   4098
  3150   5015
  1700   3648
  5587  25484
  4030  10579
 18206  32448
 10759  22064
  2292   5095
 13620  10051
 31192  12338
 19660    911
  3792  24719
 26249  25930
 28587   9082
 18962  19608
 28076  16044
  2102  20878
 24529  26337
 16368  22910
  2764   4015
 25138  23577
  8908  30709
  4734   1053
 21250  26864
 25367  17989
 23803   4289
  9182  13104
 11611   5436
  2150  19171
 14892    783
   982   8659
 29296  11324
 12722  14568
 12450   5490
 17693  30443
 18310  13290
 10792  16202
 20610  20404
 26135  26488
  5467  15465
 19857  21033
 26427  17043
 20084  14778
  7923  18064
 23420  15917
 13621   6326
 19117  24146
 32135   2504
 19685  12398
  7834   9480
 10758  30628
 31549  21974
 22099  11797
  7867  11419
 13143   3800
 28399  22886
 10749  12359
 22570  22654
  2189  24817
 22520   1593
  2862  21969
 25164   3573
 18519   7602
  2446   8187
 21945  23893
 28596  25009
 18735   9469
 14810  15098
 16891  24520
  5978  29883
 10373  18063
 16786   3058
 26484   3110
 27949  18422
  7271  17194
 17809  27241
 19889  29310
 11608  29985
 32183  19775
 25711  19225
 15589  15740
  2061  17028
 23694   2648
 22212  16406
 29977   3780
  6726  12403
  8202   7600
 14701  14453
 31877   2959
 21173  28164
 13950   3953
 30137  18786
 21346   1056
 26758   5238
 12921  29490
 27662  16045
  3297    441
  9308   7899
 23755    909
 10797   2287
  4835  27624
  2693  19907
 17243  32655
  3819  23459
 13166  24346
 30723   1215
  8217  29218
 18891  28028
  1180  15240
 31392  12720
  6962  10872
  9591  20906
 11609  25771
  5879  29704
 26378   4041
   220  18579
 14060   7813
 19934   1067
  1114   8640
 17190  13022
 13514  28482
  1374  18758
  8265  25106
 29583    429
 19977  26789
 32749   7719
 30219   4845
 28299   4893
  1319  15885
 18248  31638
 26923  10479
 30334  25125
   174   4306
 24302   6399
 11582   1688
  5841  19749
  4299  26102
 13523   4666
 17263   4651
 31945  30359
 15229  17711
  7563  17253
 24035  30241
  2605  26450
 15041   4742
 13263  20984
 21651  24440
 31344   8740
  3495  18648
 12750  17477
 18166  21554
 31658  17531
  1772  21674
 19827   5811
 18757  18318
  6467   8203
  8516  27612
 18257  28735
  5105  24728
 18158  28026
 21300  24569
 13980  28108
  5999  31447
 16141  20534
  8682   3557
 11050  30218
  5648  16364
 16481  24524
 19496  14052
   272   9662
 31069  21558
   861  19223
  5117  15376
 14376   9840
 32753  28555
    60  28122
 28568  26200
 19536  10122
  7289  24150
 21373  22898
 16182   6781
 27102  15419
 28186  20072
 14091  23901
  4015   4437
 27766   3667
  7722  30229
  8982   3209
 28395  27147
 23786  10416
  9922   4903
 14862   4207
 26882  11507
  7573   4551
  4415  29305
 10236  21285
 27273   6860
  8983   2306
  7052  10256
  5644   9649
 32282  28001
 31276  30669
 26244  23226
 16287   2049
 10446  31649
 29116   2383
 22411   1361
  5902   7195
  2811   1098
  2845  25063
 13029  21216
 15535   5662
 24631  14229
 20717   6555
  9258  16915
 21379   9968
   800  28983
 26545  27366
 28078   1902
 31587  28529
 14130  29025
  4592  31053
 20326  13540
 26956  32330
 11382  17501
 31779  10583
 24939    166
 15083  12918
 30334  28069
 29569  15790
  7658   7148
 15161   6357
  2508  21599
 11576  19248
 10713  26071
 23188  31530
 16460  23633
 31324   6128
  4991  25975
  7526  23326
 26434   1920
 12128   8009
 14709  22852
 14597  31707
 28314  29123
  9368  16170
 23641  20826
 32525  26899
 31536  28874
  2019    266
   297  13592
  5179   6758
 23366   8214
 15934    740
 16828  17305
 16440  26136
 11779   8615
 20112  15082
 29835   4591
 26781  28244
 29788  24865
 15803  10907
 13439  16619
   483   4162
 15260  12390
 26243   5150
 17725   8050
 28100   7248
  7965   8618
 11921  26317
  6114  11665
 24327  17213
   163   5179
  1129  24092
 20449  30590
 28524  11152
  3135  32332
 20691  14340
  5957   1781
  7437   3907
 26196   5932
 30933  30293
 21808  13416
 24843   4492
 16366   8843
 13297  20580
 28982  28838
   558  12485
 32586  15980
 21787  20657
 14749  12998
 10899  20651
 12282  15007
 13126   5178
 16985   3357
  8251  21804
  1985  10674
  8507  16213
  9762   1881
 19686   9792
 31440   2157
 23285  32271
 31401  15066
   589  14656
  7121   2556
 31054  19489
  1177  20860
  7268  25720
 22938  19507
 23441  19130
 18326  28241
 19431  19889
  5673  28735
  2304   6263
 29241  12971
 28726  13471
  4136  20842
 21259  29177
 23928    299
 30710  11840
 10681  21654
 31642  22466
 25257  21401
 17586   7757
 15632   4177
 20843   4101
 10980  28498
  1604  22541
 26852  22103
  5901   6464
 20010  32609
 28531  20465
  3198  29876
  8150   1197
  8273   6745
  1493  11138
  3231  21917
 22668  13703
 25954  32056
  9116  17733
 28749  31327
 28764  11380
 22177  19373
  2727  26216
 28177   9933
  2349  21594
 25914  28996
  9401   2074
  8144  28614
 15629  14380
 32507  20000
 15716  25238
 17710  16509
 24858   7987
 17756  11512
  9948  26640
 16853  20313
 15582  18328
  9862   5952
 21368   1478
 24264  25689
 28612  21777
  7110  30595
 31315   9638
 17258  16404
 29909   2955
 30840   6401
 24084  28427
  7322  25466
  8103   5139
 12282  30428
 16787  11576
 32209  28088
  3066  21519
 18695  29755
 32412   3690
 12755  16035
 19474  19780
 22600    464
  4041   7762
 28216   2364
 10398   3847
 21419  25722
 12027  29460
 11921    771
 32637  30522
 23469  17327
 28310  31725
 24998  25067
 15712  23515
 14144  23966
 27748  15555
  3297  25559
  4330  13287
 13016  14852
 26993    528
  6047  10169
 19588  30878
 23167  29647
 13055  15541
  4528  12679
 30410  15928
  8888  13537
 23867  15691
 32267   1861
 18444  27966
   852  17984
 22778  29394
 29756  28340
 17908   5107
 19254   8767
 27253   8345
 18638  28690
 21798  31022
  2953  17735
 30600  13161
 24186  25531
 29470  28755
 25721   3308
  2214  30244
 18334  30061
 22874  26646
 15698  19528
 12364  25110
 30972  12577
  3431  19432
  1359  22412
 22885  10091
 31892  23179
 22537   4615
   557  10221
 15783  20043
 21707    376
 18534  13887
 27945  23601
 31125  31049
  5621  31313
 18093  27565
 11935  16693
 23674  24051
  9663   6968
 19527  32192
 27707  14588
 12098  30812
  3511  23382
  7791  11015
 21831  17874
 15815  21185
 24526  13058
 25197  14938
  9254  12891
 29360  29269
 20795  24724
  4481   9499
 11220  18011
 20165   5786
 27099  32477
 13602  28520
 31691  13133
 28941  30878
 29640  10055
 27324  10548
 11339  25294
 17880   7077
 14451  10975
 30931   6497
 16562   5185
 18259   2290
  3643  17029
 15890  15898
 15659  15846
   761  31863
 17172  28619
 30030   7102
  4233  28934
 21456   6216
  3701   9473
 12360  17876
 19181   4033
 29183  10475
 26208  11299
  1424   9133
 17728  30279
  7388  23719
 22781  10631
 15475  11361
 23900  20570
 15707   3091
 26067     39
 17570  13315
 15933  12062
 27441  21087
 16227  19111
 32199  26116
 21317   4690
 16317  14286
 24429   3400
 15855  12010
   304  31546
 22135   6428
 28120  14861
  9261   8573
  3847  18066
 17177  17026
  9177   6544
  6072  20954
 19700  30229
  8823  25953
  4737  10258
 23072  13013
 32373  16692
 15267   9078
  1424  30583
 19975  14414
 22811  14266
 27503  25317
  8454  11263
   603  23334
  2201  30791
 19760  31307
 20851  12976
 13481   6589
  7300  30622
 16416   1101
 13530  23932
 21450  12770
  3021   5347
  2427  20001
 17244   8799
  5822   5975
  5526  14865
 26614  23757
 13498  20406
 31304   5152
 13998   3851
 30176  28880
 26929   8526
 27207   3579
 11920  20664
 13287  16426
 31214  16053
   682   7786
  9838  11495
  1781  21199
  1772  19588
 11844    255
 30837   5789
 22643   1437
 23992  24421
 30860  21901
 21753  24011
 24727  13366
 11804  18653
 10716  21033
  5903  28756
 28499  27157
 12167  25297
 15474  17129
   374   2453
 18646  16231
 23393  12301
 25358   7032
 22673  14507
 24402  11875
 13922  23823
 14505  26823
 23974   3285
 23642  14802
  3175  26001
 17256   7971
  4943  25204
  2248  11714
    10  24668
 15227   4911
 27291  14928
 12963   5988
 24784  13339
   339  25188
  1039  14298
 13646  18753
 24663  15604
 23847  10686
  3907  23121
 16569  23823
 30886  13290
  1116  10112
  1916  16333
 26892   9359
  9041  30218
 30756  18175
  4952  16458
 26830  24315
 25275   6805
  6927   7055
 10532  29180
 21567  20655
  5248   7301
 23089  31178
 18721  12105
 17719   1750
  3463  13515
 30937  11405
  8867    486
 17245   8452
  7675  24549
 29868  13600
 20624  26050
 23909  28357
 19716  27261
  4726   7206
  1367  10615
  3177   1864
 25002  17878
 29363   4874
 32315  18726
  4919  15737
 10240  19974
  3945    967
 26937  31677
  6133  29409
 20295   6403
 15251  12028
  4271  18892
 14142  20455
 16229  22203
  9979   7793
  6987  26663
 17476  20501
 22936  16266
  2041  31800
 32411  14258
 21099  23838
 16903   1906
 24388  19664
 26143  14050
   287  25510
  3426  18867
 20598   7350
 18518  24714
 21410  24767
 32608  24950
 17604  26637
 12031  26300
  8911  24398
 27801  10570
 31687  23814
 22336  28571
 28608  14497
 19403   9335
 20738   6124
 16934  29984
  2752  11163
  4163   8754
 21353   6595
  5498  10227
  8831    519
  2233  31710
 22193    163
 18584  14495
 25686    942
 13214   9391
 25849  29430
  2175  12656
 24270  25349
 17249  23074
 27107  15610
   532   5780
 21603   8027
 27385  25047
  5848  20999
 22796  20753
  7439   3202
 31848  25217
 23245  14628
 32161  31823
  6600  18481
 26828   2748
 22176  26287
 21228   1316
  5567  24921
 19201  25014
 31109   8937
 11054   9304
 15816  21979
 21383  19143
 26592  24423
  1820   7617
  5896  20260
 11790  30234
 31063  17279
 16597  20549
  4731  11879
 20119  11718
 31135  16861
 23232   2578
   959   1313
 32181  10172
 27169  14261
  3636  16285
 24050   1779
 31027  16935
 18736  26601
 28032  13048
 10826  21948
  4078  20709
 24118   6873
 30816  19539
 12416  16693
 17744  26604
 14536  17798
 25015  23417
 16877  12095
 17041  22420
 29517  22752
 30959  13647
  1201  25193
 10591  23754
 24676  15432
 12538   8066
 32010  14363
 15706  22634
  5370  31821
  6821  16265
 26475  16418
 20285  13827
 16248  24800
 22398  18815
 16064  15197
 24167    902
 28467  27750
  3632  30263
  1714   8056
   733   6245
 21986  14097
 16600  22336
  8832  12733
 25521   3029
 10074  12316
  4485  29327
  9634   8991
 17200   7946
  2739   2226
   146   9907
  9212  21461
  1022  10580
  4693  27198
  1110  13207
  5128   1243
 30659    317
 26422   7222
   287  25326
 22035  16885
 18894  20163
 15918  25452
  9249  11915
 26668  14035
 28057  10266
 19655  12070
 29606  27149
 14104  28188
  8899  21323
 17857   5707
  2647  24658
 22847  10578
 23999   1114
 27635  14638
 27435   1121
 20745   5267
 13823  28820
  1261  21118
 10018  18564
 14586   4445
 24603   5335
 25441   7203
 11659  25968
 29745  12200
 13314   5585
 25558  10971
  4928  22151
 10978  11442
 19697  11833
  3337   1419
 25816   3913
 31408  29454
 29307  12347
  4012    873
 13179  28987
 22455   8101
 12197  13409
  8238  26155
 31632  20648
  9075  31580
 18073  10619
  6014  13212
 18491  25014
 31630  10597
  3385   5626
 28329   1042
  3621  13936
 13069  32302
 12372  31887
   920  20819
  9136   2453
 19732   2846
 24833  31430
  9209  19373
 31851  26864
 10502  26477
  2349  24985
  7658  22808
 24855  27998
 23676   7803
 21010  13588
  3232   9301
 17751   3456
 30729  28722
  2286  12577
 16886   2087
  6043  15221
 10389  14356
 17390   9968
  3143  11491
 30621  25838
 20352  23504
  4831  16204
 10959  23724
  9035   6177
 18573   4656
  1252  27521
  2353  25802
  8612  32574
  9501  10109
 24054   3971
 21915  20689
 16048   5923
 10461   7284
 31922  13594
 13170  26154
 19287  32056
 19658   6431
 10883  24849
 12069   1281
 18297  27491
 31196  11505
 24026  28792
 11892  30058
  9297  30798
  3457  14779
 22483  13604
 25329  11766
 10434  29992
  3711  12051
 31794  23998
 17223  19160
 12510  18769
 16788  26629
 19537   3799
 16996  15110
  1399  30570
  2500   3310
  2869  28565
 25142   6851
 24667   1653
 12504  20367
 17053  19865
 23148  18735
 23882  23729
 22852  12152
  9859  24839
 23080    155
  6000  12589
 29503  12579
 11807   8848
 28221   5994
  1744   5123
  7026   4634
 10021   4749
 19535   4500
 22685  11351
 19035   2230
  2451  16752
 11661  20670
 31017  11887
 12287   1575
 26627  24260
   671  31562
 21931  13107
    73  15743
   529   3389
  7390   8338
 32717   1438
 20721  25272
 15385  14179
 28552  13030
 21617  10683
 31369  10420
  4365   8581
 18009   9673
  4846  21500
 13015  32102
 30953  31445
 15749  22853
 29041  16059
 20285  24422
 14290  14470
 27047  30997
 12022  18162
 19125  26726
  6041   4881
 29935   6309
 27352  30794
 19284  19453
 12020   3789
   349   6932
  9630  13238
 30737   4746
  3936   3614
 24217  24653
 15948  25358
 30749  17371
 31813   1219
  5229  16049
   796  14112
 29100   1441
 11159    195
 27065    699
  1055  15569
 20169  26013
   439  24235
 27173   1082
 16884  10532
 29540   8125
 16408   9208
 31645  23255
  4691   4845
 26705  11389
 14272   9109
 22324  22985
 10199  27725
 19397  17364
 15943  15741
 12193  15523
  4610  27907
  6214  17758
 26043  15296
 31293  21859
 17961  16854
  1983   7754
 19805   1061
 11769   5614
 20882  15499
   274  20975
 19130   3826
 24174  32092
 14483  27340
  6917  14811
 10352  20566
 24511  17290
 15955  27061
 20509  26231
 18777    827
  6827   4993
 23610  32455
   923  16739
  9386   2363
 26320  16260
  4074  30228
 28763  11972
 18694  23734
  9142   6013
 23053    182
  1804  27407
 25158  24354
 24554  27871
 20509  19878
  8649  18099
  8010   7852
 10222  21766
 32426  23098
 18374  10602
 19136    920
  5537  25935
  2426  32425
  1105  29414
 29571  11960
 27406  29258
 31327   1556
  4390  24272
  7869  12199
 27281  19830
  1869  12477
 17558   1557
 12193   6739
 14460   4894
 17352  21026
 22701  28606
 30264  26836
 24932  21539
 12675  21475
 14642  24448
 12373  32599
  8861  17773
 30593  16759
  4826  12428
 13660   5450
 18717   8472
 11986   8135
 24273   3849
  1855  14322
 26042   2922
 12151  14075
  6705  19199
  6302   4019
 13353   6088
  6092   7127
 16836  19303
 16791   2699
 25832  30730
 27727  12577
  1777  22601
  6803   2887
   200  29346
  9540   2236
   882   1798
 17865  15901
 22399  29237
 19309  32561
 30187   3036
  5630  14480
 22832  23381
 25738   9105
 19007   4096
 31379   4986
 23958  21313
 25613  30881
 23818  27566
  9875  15193
 12801  17563
  7178  23423
  2638  18363
  2585  17421
 21006  13615
 17918  24320
 11263  12885
 27391   8789
 28041  27143
 10942  12827
 13756   7853
 13171  18052
 20645  25892
 13423  13045
  6048   6027
 27295  12531
 27202  31311
 19710   7967
   700   8377
 15672  14832
  1683   3753
 22365  25808
  3686  23436
   375  27625
 25392   4254
 20772  28664
  5665  32438
 15228  30679
  1071  21549
 15897  26924
 29853   4579
 21731  30956
 10354  16742
 26259  15256
   204   8599
 31697  28088
 26145  10568
 11621  23071
 26301  18441
 29566    543
 22190   7985
 20880   9002
  7822  29615
  2492  32384
 19614  25404
 21419  28039
 24677  17526
 25288  28081
 21438  15357
 28281  14353
  1260  11424
 24101  19568
 14125   5186
  7640  10458
 18064  14980
 32003  23083
 30510  19339
  3797  32691
 20556   3171
 27715  27643
 31603  26125
  1855  23319
 29537  28614
  8651  28663
 25851  11073
 23232  11682
 15895   4601
 24193   8202
 11662  18455
 24361   1344
   553  28463
 23525  14481
 16675  13312
   301  19600
  8757  23099
 30169  24643
 28793  26160
  7794  31205
 14861   1703
 16079  19438
   638  23175
  8579  11923
 26244  29515
  7730   2481
 17656  31689
  1986   7239
  5596  27517
 24194  17557
 19294  17100
 31001   7490
 25256   4394
 27184  14951
  3468  14470
 27879  18314
  1928    575
 25589   2795
 20092   2789
 32518  25117
 31443  12268
 18686  30872
  7673   2708
  5057   1656
 13779  26221
 24786  10286
 26286  12773
 14540  24522
  5103  20500
 26777  26007
 19661  17207
 21837  25686
  4764  28310
  9454  29090
 10215   8009
 12896   5287
  2998   6538
 22289  23888
  7542  10792
 12616  16209
 18525   2386
 30710  31861
 20478  28506
  9226  32553
   817  20921
  5438    692
 14692  13355
 12519   9457
  7503  28575
 14804  27344
  7623  18711
 28830  31887
 27172  12623
 28027  22931
  3755  12645
  4920  24873
  2746  18718
  3155  17049
 13550   8743
 18065  23143
 23006  17946
   209  11879
  2748  26627
 23947   2167
 26351  32442
 18554   7790
 21791  30013
 20072  29542
 28159  11662
  7456  11417
  1953  12175
  2686  25999
  8296   6182
  8738  10571
 19190   3986
 28925  20494
 27034   5222
  3778   9133
  8769  16789
 12841  21281
 10396   8389
 31813  30053
  8513  14798
 24613  25519
  5961   2029
 16427   7145
 20532   5127
  9683  10794
 19695  12401
  4232  24246
 14589   8450
 11306   7725
 29355  17762
  6649  31465
 11163  12768
  6612   3421
 23642  21666
 11391  18876
  3760   1050
 20643  11045
 18889  21513
 13834   6311
  2952   9866
  6146  31257
  6193  13949
 26410  12009
  4987  19032
 17185  22233
  9447  22096
  6148  17780
  8043  12426
  5443  10101
  3739  31294
 20782    839
  8319  18250
 11834  12665
 25406   7843
 15836  24934
 25611   4069
  9391  23514
  7475  29834
 16963  11979
 11024   4297
  9074  10545
  6945  13402
 31441  17842
 26762  25812
 25301    433
 31309  29213
  1637  24798
    40  27509
 11889  29588
 27658   5450
 12137  24702
 31216  13102
 21399  25509
 17261  28256
 19766  13199
 28074  29238
 21539  16088
  4372   8316
  4321    927
 27589  16152
  3355   6386
 12133  13664
 24095  11784
 24557  15676
 10275  17241
  8797  13952
 21146   1748
 21549   6014
 10845  19021
  8855   3487
 13224  22175
  6679  27910
 17166  28157
  5074  15336
  9214  32225
 12825  17087
  8152   6104
  1006   9810
 16525   9520
 20405   7650
  1060  31713
  8165  19044
  5478  25394
  5111   8748
 11464   2215
 20723   9854
 16654  17938
  1580  26749
 10442  32728
 27824  31991
  5742  14170
 30066  16570
 17289   3168
  3990  22895
  6898  15956
 17511  13284
 25702  27203
 23034  25566
 24655  13847
 10943  24962
 25483  14180
 23581   5404
 28363   8602
 14171  15767
 17168  19374
  1715  19595
 16042  24888
 20455  17020
 32616    522
 29116   5865
  7410  10807
  4553  23571
 16800  10960
 15434  10823
 18772  16900
 21167  10235
 10633  29557
 11352  13127
  8380   9206
  3540   8290
  9627  26190
  3710   3066
 16788  24966
 19830  25970
 25074  16498
  8696  21689
 17514  14866
  5851   6958
 16239  15063
  7688  11149
 25956   6227
  2474  14325
 32667   1773
  4697  26305
 20563  22756
 16929  10707
 24980   9749
  3262  17272
 11046  30270
  8258  26366
 20461  28280
  2863  26914
 30663  29634
 23736  20472
 30463  32484
 20886  30436
 30806   8834
 20163  16370
  9940   5729
 16277   2064
 26155   8080
 30017  16931
 17267  15214
 15127  14593
  1457  13529
 14160   8429
 14827  23007
 12571  13756
 28373   4736
 26604  26069
 30764  32130
  3765  16362
 17245  10248
 25153  26443
 16711   4809
 26893  25026
   538  14728
  4936  11173
 26468   7636
 21394  12222
 12168   9823
 30661  13940
 30802   9067
  8281   2812
 10778  13321
 31833  18398
 16685   3707
 30513  19022
 12797   4262
 18452  11116
 14667  12255
 21664   2101
 29128   9768
 18555  28193
 25645   3409
  6793   4083
 12090  16381
 22688  12708
  3547   3974
 26871   1086
 14504  29270
  5006  21633
 27825  16026
 30221  24065
  9598   9012
 19674  19852
 12097   7941
  4303  18917
  5575   2704
 18667  25261
 19604  26754
 25363  14180
 17994  30734
  8443  20840
  4255  15200
 25474   7247
  3187  10698
 17830   4499
 22154  10220
 14641    982
  7909    247
 19800   4326
 11737  20128
  5906  30770
 29987  26132
 10901   8198
 18240   5908
 19957  12863
   603  14259
  2243  18424
 31126  30351
   142  14964
  7460  11237
 25767  24811
 30418  32384
  1431  19121
  1895   7537
   117   2417
 25812  28159
  6306  18600
 16248  21289
  4606   1893
 32036  18632
   777   7304
  3309  26848
 31740  10715
  6813    303
 25291  30706
  6514   7793
  2651  30080
 13196   4522
  9719  21805
 22364  29356
   957  15132
 10831  30134
 13764   3786
 32138   5341
 29006  12768
  7773  18676
  9521  27644
 31121  24816
 16503  19797
 31488  28294
   907  24093
 26354  18232
 22705  18680
 26826    449
 13303  28616
 23479  12822
 27223  18821
   641  29827
 24475   3674
 12377  12481
  6640  32314
 15775   9859
 16575  25217
 21145  26546
 15889  23146
 23157  27684
  8657  23768
 12402   1072
 11415  20941
 26456  27236
 31700  28550
 23033  12742
  3719  30768
 28166  24751
  9328   9762
  7858  21855
 24749  32580
 16914  28789
 29800  26889
  9299   6910
 10613  19281
  6829  11649
 15327  14757
 17095  12337
   856  14811
 10711  16694
 14992   6435
 21161  22104
 26027  15173
 16032  11757
  9858   4927
  4425  19751
  5195   2736
 12221  18147
  5289   4863
 18106  28356
 20816   7534
 20303  15396
 21317  14125
 30759  13346
 21115  21889
   106  10531
 30370  20658
  8772  14645
  5810   6340
 12927  26555
 32081   3302
 15692  15843
  1702  10349
  1640    124
  2490   2605
  9645   2462
 19992  29388
 13442  27708
 15208  13638
 29182   1197
  4636   6966
 29400  31264
 13087  20944
 16566  19305
  4899   6722
  5635   4167
 16748  30896
  7544  29864
 26707   8833
 30465   9354
 10234   8999
 18337  15838
 21567  25622
 19441  13770
 12948   2430
 24896  19565
 14795  23457
  6449  15724
 15721  12356
 24400  13556
 29328   3870
 11267    969
   704  30562
 31151  32326
 14007  30045
 12162  31089
 17115  23094
 21213  24355
 26872  17167
 24657  12858
  1415  20515
  7487    674
 28653  31288
 10995  24143
 21853  24878
  9527  12440
 20633  24381
  7313   8299
 26977   2617
 23818  19512
 31912  24765
 32088  26543
 14927  30906
 20775  13417
 14704   3470
 12132  32393
 32129  30159
 18691  11871
 11151  26192
  1199  20319
 28671   3245
 19039   9262
 28009  11842
 10817  29350
 16602   4267
 14961   9750
  9608  22779
  1603  29023
 17076   8988
 29180  18072
 21644  20721
 31358  16868
 22731  14701
 18202   5694
  2255   5311
 25648  25660
 21667  26634
 20735  13681
 20653   3913
 28139   9763
 11769  24250
 32688  10119
  8931   6379
 22462  32314
 10054   3887
  2887  19350
  1830  15899
 15757   6346
  3530  26308
 15346   7311
  4016  14831
  6939   8150
 21667  22624
  7554   7000
 12058   2332
 22770  31518
 20251  11190
 22283   2737
  9356   5172
  3301  15381
 18179   8991
  6293  28123
  6857  11758
 19611   9388
  6281   2433
 24233   2058
 11642   1144
 30746  14122
 23940   7621
 11521  27614
 21092  10990
 15880     70
  1787   6537
 22353  32553
  9016   2599
 19160  21480
  3106  15573
 30918  12411
 14066  22078
  6100     15
  4805  22716
 22631  30973
  8344   6204
  9853   2183
  9638  18160
 10805   9815
 17340  29077
  8308  20765
 12799   5246
 25206  19815
 32160  31004
 21408  13126
  7673  25061
 10825  12224
  9413  28495
 22027  22315
 22142   6918
 29231  19205
  5878   2556
 17505  18251
 13168  11626
  8429  14915
 30924  15682
  2519   6364
  1538  19342
 29348   1714
 26647  12868
 28567  10855
  3437   6132
 17867  32307
 13651   2511
 21950  25872
 27392  17136
 20791   9012
 16088   7028
 28500   7205
 32512  14895
  4099  19100
 17208   6075
  9839   6606
 23716    291
  5583    408
 28333  19980
 27976   7845
 15326   9632
 30575  24113
  2641  21832
 13471   5440
 31857   1043
   442  27338
  2623  30708
  1913  31192
 28244  13019
  6609  28070
 17047   2833
 26591  31034
 10262  29798
 22480  25303
 18889  16619
 30680   4476
 15508  31723
 13956   6141
   344   5922
 15762   2522
  7649   8345
  4176  30308
 25793  12660
 26928  26234
 27641  20304
  4901  10564
  6386  18653
 28273   4027
 21095   8966
 23284  29398
 17735  20676
  1003  15371
 28844   2085
 31670  11340
   415   4629
 11576  17970
  5586  12104
 29121   6572
  7141  15925
 23863  31030
 22585  22501
 12472  27590
  8641  25078
 30943  32295
 18258   9090
 24337  32655
 31251  10938
  4868  32538
  7560  11859
 13765   9053
 27709   7718
  7412  15862
 30024   6666
 31065  26507
 14853  14036
 32597  19598
  5317   3078
  4896  16699
 27493  20140
  6801  18156
 26761  22512
 30498   2821
  6729  22923
  3443  26516
 15796  11286
 15550  14468
 28384  12573
 21609   2254
 14679   5363
  7619  24280
  5031   5349
 23415   9496
 27366   4455
 29002   1345
 13097   1920
 30828  11254
 11394  14664
 11602   1585
  4050  23655
 29360   1931
 19551   9242
   936   8766
 30990   6018
 16777  31359
 14126  19920
 19540  17293
 18268  12812
   348   3268
  3109  11172
  8553  20825
  9150  28253
 19468   4362
 10183  31531
 21915  22648
 11645   7756
  8262  25532
 19259   4602
 18624  14018
  5089   7697
 22290  24458
  4770   5164
  2794  25715
 28699  18326
 20150   8858
 28029  31856
 16495  26547
  5687  18512
 28052   8876
 16576  18480
 20177  29590
 12961   3548
 28474  13707
 17140  26282
  1067  11536
 23621  27576
  4502   7756
 32578  14809
 10299   3416
 18975  11922
 12240  24314
 15621   3132
 14336  23171
  5510   1988
  9192    380
 19970  22183
 29248  13333
 24885   5561
 26599  16775
 32280   3426
 21802  14980
 24497  19468
 25346  31905
  3036  27641
 15019  26044
  2630   8297
  5813   3169
 12830  23391
 25321  12242
 25722  10041
 31612  12827
 24346   5608
 29116  20024
 26227  13659
 19566    617
 16007   6403
 11730  19685
  7018  10821
 17568  18950
 14479  17547
 11683  31747
 10217  14329
 26834  13479
 30752  15298
  4116  16844
 17978  21627
 25490   4489
 28634  13336
 25655   1906
 21999  31339
 14739  26775
 11612  23045
 32063   8443
 24123  31924
 12187  11831
  5974  21612
  7523  15657
 22849  29484
  8987  17089
 29573  13061
  9212   7060
 18757  11358
 20994   3590
 17963  15474
 16597  31825
 30520   6812
  7716  28198
 17756   7388
  6216  30105
 19636  24767
 15369  23633
 14102  26089
 16730   6383
   570  29971
 29875   6401
  8603   9514
  6307   4755
 21741  18169
 11646  25717
 14929   3604
  2180  13046
  9714  28161
 18657  16214
 30695  20708
  8376   6961
 18409  10072
  9835  27253
  6442  14274
  9465   4749
 21976  18557
  4111  23511
 21163   1983
  7174  23627
 14676  21592
 15961   8764
 10689  27459
 24077  14847
  1144   2539
 19678  14232
 19548  22470
 11005   8168
 30379   4599
 31670   3559
 29042  28853
 28424  32228
 27152  25361
 29338  12565
 32425  23943
  3350  24742
   490   2492
 26058  11174
 21608  24888
 19630   5115
 16626  15422
 31848  29453
 14865  15719
 25188  22562
 12614     17
 11218  31662
 28892   2950
 30589  10544
 32297  10471
 25310  13228
 29796  15007
  5925   2247
 19049   8016
 23471   1728
 25723  18534
 32041  12125
 11511  10060
 14955  13447
 31925   6219
 27590    918
  4033  19734
 17065  11705
 23158  31625
 27598  13110
 13202  12448
 25890  23534
  9003   4396
 11236  19037
 22099   7778
 13016  10943
 24770   7492
  6494  10986
 26539  15918
 25175  24587
  9029  21120
 18118  20192
 23192   7908
  1951  19578
  8951  18860
 16841  19959
 31045   2050
 26264   7251
 16130   1666
  7123  12148
 10989  16416
 25542   5087
 18791  29079
  7774   9899
 23125  24986
  1669  18895
  6519   6922
 28030  29069
  7675  25795
 17317  32014
 23247  27133
 14567  11743
 27044  14605
 24313  29362
 32588   4301
  3380   6849
 27582   7371
  7668  23492
  8001  13883
 23807  24926
 18309  23873
 17690   6592
 27557  16327
 29369  10419
  8071  18142
 28081  21465
  8880   2487
 10785  25980
 23249  20375
 10417  11787
 14325   7482
  4487   2171
 14733  27510
  8090   5721
  5540   7529
 26867  25191
 11434   1444
 29552    894
  1339  12252
 24230  19963
 30345  17980
 32204  11175
 27296   5574
 26183  28070
 24975   8035
 20352  10433
  3365  32415
  6521   2981
 21467   4665
 21490  13109
 11946  21893
 13916  28739
 13875  13934
 24568   4833
 10660  26269
  2572  19255
  1719  19768
  9877   8528
 15234  14805
 25299   6710
  1697   2746
  5537  14174
   359  25766
  1881  18403
 15585  18161
 30719   9082
   514  23651
  9697   4979
  1578  29007
 27295  19703
 26554  32499
 14339  10865
  7533  28794
 13633  29657
 19238   6099
 30013  15158
 28320   2440
 28525   3029
  7771   7029
  8210  10186
  8207    114
  1485   1077
 28224  11024
 16195  26102
  3410  23891
 13236  25989
 18350  12106
 11813    637
 29037   8306
 22569   2319
  6868  30720
 23765  10898
 13406  12528
 13698  19777
 30688  21462
  6812   4016
 15109  30787
  9790   3392
 29859  31262
 23155  28464
 14020  26297
  8526  18701
 29558  28151
  2883      9
 17686   2896
  3013  22193
 24664  12658
 23313   1608
 13763  31590
 19815   9254
 18881  13282
  3568  19711
  2324  31963
 26951   1188
 32616  24171
 30500  19557
  9738  16210
 31534  15175
  6591  32288
  7325  19245
 27433  28538
 28218  28683
 31123   2848
  6760  22297
  4901   4426
  2226  31541
 28644  28714
 32128    516
 28987  21585
  1210  30327
 21142  32362
   740  26017
 18368  32596
 23846  18985
 19283   9513
 29077   2431
 28160   7819
 14681  30742
 10884  21866
  9124  25532
  8490  20991
 31404  13446
 30966  11613
 17452  20032
 13983  28573
 22922  28992
 26441   8171
 19887  28464
 29869   9909
 16383  21859
  4875  18585
 28133  15521
  6478  28870
  8998  14366
 26071  31781
  8631  28811
  3363  23943
  1141   4963
  5013  27251
  7605  29499
 27533  11855
 32653   1753
 29055  20072
 27907  30602
 26466  16135
 22747  27237
  2105  13444
  6739  15701
  9817  26899
 25822   6881
 24561  20768
 13329  11194
 29673  24216
 22443   6786
  5636  13144
  3761  13780
  9974  29380
  6087  20938
 20584  22984
 19831  16840
 17496  24011
  3869  13531
  7065  19061
 29668   4876
 19131  18806
 10361  19502
 11390  20272
  3957   1538
 11065  21815
 12175   7876
 24656  23569
 27398  15377
 15468  18149
  9513  16176
 10543  28079
 13006  11408
 29833  18257
 18636  17329
 24248  22744
 31127  26613
 27036  22537
  7348  15623
  9854   5557
 11598  14294
 32148   8657
   168  20096
 22788   1128
 15063  10098
 13979  20829
 11225  23837
 27724    320
 26256  25997
  4755  29194
 19834  25235
  1509  23263
 14485  22930
 10094   5237
 28560  19523
 25297  23722
 18817  13073
  6298   4308
 24299  27961
 17487   9236
 15870  11199
 21582  23375
 22262  28022
  1354  24426
 21783  10585
 10830  10855
 32677  18413
 25760  24815
  5861  26057
  8240   7657
 28507  21424
 27972   8486
 28359  16682
 28133   9929
 23131    997
 13753  24418
 19969  25180
 18403   9878
 25824  32087
 29980   1970
 22831  20467
  2800   5934
 11427  22384
  9345  24967
  7336  13424
    36   2455
  4662  22961
  4128  19051
 20864   3555
 18027  27882
  4661  17838
 23626  25693
 24197   6682
 31056  21623
  6646  16627
  5859  10104
 30241  26028
 27556  24148
 13054  14607
 30377  12970
 31685  32099
 16144  27049
  9236  10079
 26164   1900
 14598  24187
 18519  32317
 16014  26927
 26935   4219
 23619  25475
  2715   7393
 31204  29684
 20288  27589
 16460   4253
  8875  10840
 16224   1150
 32689  27592
  5669  19220
 15865  17595
 23366    814
 30564   9430
 14212  13662
 12135   5424
 28797  13882
 20755   7870
 10879   6580
 24280   5661
  1889  32350
 26143  27533
 13374    659
 12025  20505
 24567  16700
 15888  28708
 16996  22939
  1890  15832
  4989  20491
  8118   7067
 28748   8791
 30664  22954
 18623   2071
 10105   7783
 32508  10148
 25510  19729
 19062   7662
 19202  27264
 15425  14209
 21581  21809
 11863  31498
 11023  25027
  3848  21062
 29190  11499
 28493  20732
   223   6137
 11432  32577
 15223  12205
 25818   1090
 21819  29207
 23663  18941
 23855  28145
 23878  21502
   978  13390
  9334  16502
  2518   5836
 20449  10993
 22067  15567
 17462   9132
 26138  26561
  8245  20804
 15950  14597
 32564  22838
   536  18024
 17090  17842
 26891   6011
 27514   3433
 29855  15740
 16206  22497
  1578  20594
 15719  23301
 31560  20741
  3239  13507
 15146  23427
 25572  13887
  1285  31610
  5412  28929
 17340  18609
 13743  17986
 17241  10197
 23297  15507
 17070  30584
 29207  18787
 18727   8885
 12078  19913
 15138  20089
 27935   5440
 23679  18107
 15572  14619
  4665   8852
 26771  15704
 29598   5767
 20347  22095
 22070  11351
 22867  26518
 23499   2255
 12635    654
 22692  32461
 10648  22409
 17270    282
 19180    549
 28066  27340
 28347  15904
 20376  18922
 19596  31709
 23334   5657
   640  25807
  1772  25380
  7830    747
 12205  19908
 32167  22579
 13375   6572
  7151  25478
 22615  16196
 13076  18286
 27576   9055
 14008  27011
 25382  19451
   131  25213
  7569  25737
  5718   7995
 25258   5877
  4954   6917
  4959   4682
   461   3660
 25857  15548
  7639  18465
 23461   5974
   228  23256
 24775  22866
 27231  20201
   530  30373
  2613   9458
 24341   6275
 16507   5754
   357  25051
 21501  29487
   601   2240
 10361  14202
  7825  22321
 28925   1103
 22158  18694
 18567   1052
 21354  23778
 19076  17695
  6074  28234
 22401  14054
  6560  22069
 17466  19169
 20612   9497
 30588  19322
 17830  30799
 26104   6532
 23316   8238
 13199  15837
 13184   4929
 19337  10318
 27451  21751
 23080  10697
 20048  13743
 20970   1653
 22885  23295
 32423   1210
 30194  10167
  1306  13440
 27277  31601
  4806  29325
 29856  21462
 12621  15954
 18929   6650
 16866  32155
  6474  29330
 11746  23753
 22020   8311
  1488  18529
  8657  12279
    33  25903
 17052  31470
 20121   8176
 27398   2031
 20324   4005
 26388  31114
  3095  11109
 23280  16573
 21495   9471
 22444   6736
 29181  19954
 11375  14559
 28044  28546
  9737  19596
 27785  11753
 10743  12269
 26061  22821
 21883  13290
 28082  13467
 32713  18416
  3887  29990
 13336  18804
    61  16324
  7335  14083
 28618  18883
 25231  29874
 26597   9857
  6793  32515
 31648   2590
 24859  22370
   813   8414
 24508    854
  2382   3951
 30874   2625
  9554   4651
  4884  31450
 10203  17346
 19326  29082
 13361  11118
  7391   1592
 19419  22438
 17127   7270
 32721  21593
 16524   8432
 28115   1866
 26825  20695
  1717  18023
 25062  13728
 11107  25253
  4274  32104
 11219  18105
 17188  21520
 18516  32634
 30048  15757
 18596  28826
 30688  25039
  3168  13059
 10729  32091
 32606   2960
 27521   7210
 28158  27735
 27114   1920
 16146  29960
 12389  25724
 16980   1957
 29905  27939
  3329  14040
 22429   5618
 17885  30072
 13530  16201
 23579  30948
 20409   3581
 16665  22662
 31522  32147
  1346   5453
 15299   7868
 20508  18272
  5807  28212
 20608  13263
 23087  21750
 27538  11981
 32001  18222
 28938  29163
 28164  20760
 15694  25712
  8020  10498
 23422  17084
 11101  27916
  2611  20659
 24680  26382
 30594  23137
 27328   1718
  3797  12775
 27438  31252
 23388   9740
 23963   2322
  5089  22978
 27513  15719
   503    754
 10427  13320
 15072  27002
 24146  16235
 16693   7001
 10306  11580
  5039  30688
 22590  31281
 12330   2638
 13105   4643
 28290  14326
 15467  14615
 10873   9081
 31555   5597
  5623   9646
 28746  17524
 12194  32217
  8321  11118
 10346  29052
  7105   9343
   690   9513
 15996  22292
 10053  23226
 32459  26800
 10363   7906
  7128  32642
  1710  25541
 20973  24847
 12276  15602
 15197  31247
  4006  18946
  1928   6895
  4646   2384
 22637   4827
 16944  28421
  6336  15049
 27794  27328
 22361  31807
  5322  26438
 20800  30964
 25257  31808
 25792  24257
 29217  11732
 18884   5939
  4233  28068
 26009  13597
 11648   2998
 29181   6414
 10968   9493
 29802  13816
 21021   5297
 12020  24880
 11559  15951
 30338  18149
 12563  12898
 11207   4618
 20999  28023
 22261  21170
 25952   4498
  1817  12332
 32106  14523
 11135  24280
 11513  25867
  2127   2253
 17338  27850
 29241  25152
 29074  21513
 31823  18237
 19862   9612
 13718  10627
 11103   4545
 16882  28679
   453  15759
 14024    777
 27573   1658
 27449  10391
  7313  29593
 17737  32641
 21776   8653
 10421  18067
 11634   5952
  9446  18750
  4516  24803
 31070   6632
 22887   4654
 21059  28485
 31030  19062
 20900  16625
 14876  11545
  6276  32467
  2738   7605
  6439   5653
 16280  31873
 16709  26723
  9586  12305
 32541  27234
  7102  29265
 13004  29501
  2531  31044
 14873  18650
 29849   9939
  3819  27869
  6354   5099
 20610  27180
 25609   1096
 22449  20333
  3129   1086
   931  20685
 10508   7626
 17838  19694
 31774  25977
 26588  14714
 24680   6952
 22032    651
 28065  12737
  6445   9278
  8251  18552
  9658   4574
 27138  12135
 21470  13919
 27523    374
 28880  31742
 12028  10621
  1466   5501
  8260  23956
  1288  23632
 29069  30961
 11484   8322
 17596  13078
  8090   1834
 26550   1634
  3530   4868
 28033  15465
  3654   6806
 23952  21519
 29476  11232
 24616  25664
 32147  15732
 32135  19053
 17875  24572
  5041  31219
  9475   7050
 11091  28918
 23879  30263
 16765  20710
 31899   8973
 23747  28669
 27633   8621
 24402   4784
 21933   8803
 15142  12135
 25799  19352
  5244  21776
  5026   8950
  3012   8509
  9019  15942
  2490  20899
 22483  16399
 25930  18002
 32693  18063
 21849  28327
 15998  16080
  5111  15903
 20288  10642
 14951   7431
 18736  22160
 15795  14927
  5552  30837
 31639  26929
 17873  26339
 23291  31085
 28210  23558
  8205  31032
 26635  19160
 28974  31584
 24280  26211
 14817   5123
 25969   3826
  9818  30055
 28732  20658
   985  12873
 13136   2475
 18000   8843
 31526  18248
  1373    863
  2018  13383
  9312  26739
 10875   1692
 22899  15569
 30466   9215
 27852  26569
 12459   3995
 14074  32013
 27992  10636
 29834  29288
  9254   8691
 28215  32356
 27500  26464
 26018   2238
 24385  30519
 14643  20697
 13503   7383
 18959  27354
  7267  27050
 31272  20038
 11687  30424
 28319  30923
 22557  17875
 21716  32147
 23890  27787
 25347   4364
 18239  32242
 29983   7880
 30686   2259
 31684  21229
 26579  21153
 20274   8945
 30520  32616
 11926   9699
 24661  17432
 12975  24541
  8165   3723
 26875   9716
   319  17289
 11360  24816
 22959  29803
  7400   6261
 20892   9287
 26445  19290
   663  10613
 11947  21378
  6105  14474
  2014  25885
 21823   7913
 13051   3495
 19681  21923
 22822  27509
  8829  29483
   940  23143
 22514  12223
  5698   1625
 30836  25452
  7488  11099
 22124   5458
  7990  19427
 24638  15456
 30471   1225
  2913   3712
   603  28552
  7592  10714
  6972  12215
 24396  17632
 28954  26173
 21344   1871
 11297   4765
  6416  23595
 30794  31156
  6226  14671
 16068  31985
 11726   3203
 10776  31235
 27082   8752
   941   6389
 11773  23305
 20767  30244
 30819  29257
  6489  25149
 29342  15816
 16865   8419
  5268  26157
  7180  28321
 15902  19420
 29029  18660
 31271  31627
  4636   2626
  2326  21279
  7569   4001
 26785  16219
 13175   7838
 11185  18569
  3374  21563
 22840   5703
 16087   6048
   301   2243
 15208   5186
 14727  16946
  5772  30936
   887  16997
  9238  21916
 23798  28169
 15016   6164
 12700  11151
 23478    475
 21815  13067
 26031  31171
 23641  20650
 10181  29822
  5385  22756
  5315   5791
 12456  23085
 27022  23193
  9974   1050
  7117  24894
  2294   7043
 24422  25520
 23660   7262
  4551  13643
 12815   5415
  1445  10362
 10276  28277
 24814  29005
 27037  20551
 15000   5527
 22921  27557
  6715  22264
 26794   6752
 13815   5430
  9538  27275
 21295  27943
 19754  11082
 26205   9189
 20949  29567
 20631    454
 10807  10347
 23707  29151
 32203  27828
  4230   4365
 28506  17367
  5761  11068
 18303  26752
 26992  17029
 13251  26176
 14429  32426
  9554  27181
 27629  23424
 17147  26314
  5624  31558
 30623  11263
    60  31170
  3403  19421
 20872  25463
 19566  19235
 22626   8254
 22161  27727
 20666   7101
 28541  15443
 17197   6879
 11011   2112
 21870  27003
 14316   3648
 13375  32147
 16862   5436
 10648  18157
  3923  17607
 28840   1469
  2749    326
   808   9899
 27855    562
 16240  27781
 10964   7316
  3724   6680
 28962  16861
 16602  17278
 11276  10734
 27670  27473
 30614   6587
  9984  17476
  4219  18857
 24063  23644
 18962  20043
 30172   3795
 24961   2938
 27282  25170
 13647  32450
 12419  10615
 10801  28509
 20364  23685
 31956  19770
 27905  12380
  6555  32249
 20831  29868
  9457  10466
 12245    468
 18914  25872
 12989   1611
 13206  17993
 11182  22432
 24032  11431
 30290   8352
 26502  23551
  4537   9362
 20384   9632
 30277  28558
 30718  26582
   599  14610
 26265   8893
 23227   5394
 13718   4956
 26062   8226
 23856  24854
  2604  15864
 24492  17407
    15  22949
 16835  15641
 21500    408
 12388  32181
 29279   3525
  6130  28022
 20346  26010
   973  31982
  4411   4221
 11170  32076
 14052  11199
  5490  20178
 31886   2923
 26562   9000
 26591  24823
  6704  13538
 17360  26404
 22401  23175
 10305  31230
 31436  19244
  3927   5228
 16699  20876
 22479   8961
  9836  13952
 19391   8413
  1817  19698
 21800  17626
 23205   4612
 11248   4493
 10721   6186
  3484   9096
 22924  27099
   486  20866
 28457  28633
 30082  24261
 21683  19075
 28158   6358
 17599   4358
     8   1693
 22212  19148
 14381   3191
  1967  14150
  6979  25378
 11231  30817
 20011  30148
 21993  22681
 14031  32611
 13237  13566
 23856  21548
  1618  21876
 28906  32004
  9914  23683
 19854  12865
 19300   8167
 12212  11993
 10933  31304
  2570   4789
 24947   3244
 10674  30240
  6460  26148
 29814  30962
 31233   5435
 12925  24332
  5542  22466
 13497   1010
 23144  18943
  1536  32358
 32334  22780
 12037  18781
 23705   4097
 18028   6980
 26582  32284
 24987   6600
 11616   1379
 28297  15578
 10144  27882
 12847   5719
 17468   3141
  7099  17824
 32097    444
 20099    749
  9590    944
 18617  23063
 10819  19359
 13194   1870
  1988   8789
 23426  27298
 14000  10008
 12781   7367
 29543  14088
 18120  21763
 20117  28877
 24192  13531
 24913  18178
 28838  13101
 30312   8151
 18631  14556
 17784   6675
  5652   4666
 27121   4437
  4435  22830
 18483  16644
 31799  30075
 14460  27952
  3415  15954
 16127    679
 28207  13994
 10410  19962
  3202   3272
 13758  24576
 18384   1404
  6330  15373
  4539  20488
  3617   2129
  9001  32217
 28371   5654
 24326  18440
 25476   8627
 10351   1326
 16226  12146
  6272  16308
 32302  15165
 32147  23660
  5708  16077
 31205    525
 12669   4535
 25663   5477
 19026  11681
  9687  13988
  1328   2047
 15039  24403
 28833  29512
 30115  25953
   662  20597
 19946  26498
 26929  25731
 25571   7297
 27420  17605
 14261  22569
  4904  17002
 13328  13058
 32301  19888
 26584  20641
   806  22998
 21661  25775
 18742   1121
 26981   1871
  5106  11921
 10471   3124
 17652  25397
   500   7861
 23713  31636
 27608   2745
 16409  27584
 25749   5166
 32258  17362
 13261  31655
 18368   7217
 25693   4120
 21407  17705
 19417   9810
 25320  26166
 22530  17455
 25425  22838
  5678  13939
  3777   5536
 14750  28174
 26892  11741
 32530   8039
 30256  13628
 31559    234
  4887  16769
 12136  11617
 24486   1126
  2778  27318
 28057  13579
 10602  10947
 16618  30719
  5357  24063
  6883  20464
 18909   9994
 20775   3465
 16497    753
 18606    149
 19370  22469
 20017  26464
 23113  28450
 22776  13701
 25430  15171
 31358  15625
 14754  17593
 28638   8729
 21379   6056
  7706   8907
  2945  24291
  1660  23367
 31556  10336
  3397   2010
 11683  31339
 17762  14189
 21155  18140
 25662   2677
 20057  22170
 16359  32277
  4444   6856
 18497  25992
 10428  23426
 13351  15061
 22390  24820
  4706  17277
 27185  26639
 12866  28778
  7941   8023
 20887  11764
  6093    837
 32733  30598
   493  10147
  3544   8811
 10182  18765
 13235   1711
 30256   6423
  9964   1974
 29918   3559
 24469  14047
  3826   9547
  3583  22678
 14112  21297
 11720  21128
  4086  13003
 29161  21409
 18205  23704
  6506  23277
 13546   5025
 17008  24807
  7753  21276
 24600  29099
 30113  25798
 12210   8683
 18655   8454
 30127  15021
 19407  20192
 32596  18561
 21299  24679
  8616  21675
  3720  18329
 14784  23924
  9745  28887
    44  13458
 23412   7696
 20075   4041
 17242   1533
 26522    599
 15678   3093
 24231  31154
 26030  16784
 11745   3016
 19021  14556
 25393     85
 11174  12461
 30630  31757
 22188   4377
 22857   4026
 12454  19817
  7639  17602
  1893   4989
  4281  29749
 17152  29358
 19681   1939
  7540  12214
  5356  30449
 18629    417
 19318  21888
 10717   6454
 32678  11046
 23077  19665
 21831  17141
  3128  30243
 19652   1501
  8719  14003
 10476   7711
  8340   7653
   732  27167
 13102  19943
 20120   1763
 22841  10760
 13661  18324
 12574   4876
 14358  15911
 11362  28446
  2379  16840
 29531  30942
 10483  15374
 15820   2705
 32372   4690
  8429   6314
 22650  31514
 32613   3422
 19318  30798
 12687    520
 30152  26638
 11311  27357
  7101   2993
 17067  32303
  8389   3274
 31738  13779
 29456  13083
 17420   5142
  2444  22081
 15925  23867
 25354  18174
 10750   5096
 14937  17388
 11714   1328
  6999   7405
  4068  27980
  5816  24885
 18251  18359
 11877  18997
  2118   5442
 21854   8045
 14147   7184
 10377  25812
 15529  17755
 10387    269
  5207  23165
 20624  26144
 31063  26424
 27621   1295
  3754  19834
  5387   4749
 20178   3193
  1095  25451
  1013    140
 19055  28174
  5164  25642
 10895  29118
  1053  32740
 29370  19651
 19296  13347
  5822  29022
 16779    824
 20444  31675
 12825  30124
 30015   5684
 11313   2388
 32482  19889
 10041  21011
 13771  18383
  3508  14597
 19045   3023
 32494  23751
  7769  29778
 26864  28436
 18278  25250
 25786   3562
  6937  18157
  7818  14413
 10358  24448
  1184  10537
  1799  12738
 27652   4462
 32645  29400
 25100  27146
  8043  32037
 16971   9791
 26475  12254
  1252  32713
 32523  29789
 11378  27650
 17114  10837
 31401   6179
 23712  21009
  3792  23206
 26378  24372
  4929  29051
 23194  15562
 27251  13104
  9466   1283
 16034  10735
 32001  30192
  2150  12558
 13550  29977
   552  16892
 21696  21483
 31723  14088
  3134   5822
  8733   3750
  7775  14876
 19070  32689
  7764  20890
 21880   8166
 29903  32642
 15346   5213
 30266   3267
 10124  28063
 20339   5896
 23736  19644
 30419   9220
  3335  28191
 19801  21147
  6140  23642
 25692   1277
 10015   3748
 19982  17461
 32453  31332
  8841  20957
 14751  24373
  2867   3644
 21789  31541
 20278  30650
 30190   8314
 19600  26293
 21927  16972
  4640   6765
 28407  17199
 27391   9939
 18401  18026
  7920   4155
 20320  19991
  9516  31404
  1223  30910
 32588  25466
 17700   2125
 19400   8932
 22850  15123
 18281  28844
   843  13073
   368  15435
 23913  12343
 22570  15256
 15371   3901
 13597  10111
 21304   5317
 18039  32248
  2895  24500
  7328  29914
 28410  30148
 26642  16037
 29503   4926
 18241   9971
  3936   1423
 25315  28677
 18918  15704
 26447  12347
 25265  32434
 27717  10468
 18665   1723
 11229  17989
 16965  30584
 10873    718
 21938  17243
 29393  32628
 11539  16394
 25366   1335
  4642  25810
 15807  11755
 15795  24609
 19928  17632
 21386   3414
 10984   3254
 16333   2155
  1005    764
 16193   6225
 15908   6722
  9400  20204
  6231   8124
   438    773
  1095  25960
  1639  21675
 28353   8210
 24243  14497
  3596   8272
 11184  32319
 25257  22163
 14060  25175
 26199  32443
  6225  14286
 16757  29560
  4285  32041
   532  15168
  7921  20557
 32408  22512
 14215   7228
 14024   6452
 10959  20177
 24989   1295
  7873  26526
  1885  22305
  2706  16384
 14967  24247
 25461   5276
  3441  18364
 27960  22722
 26933  16136
  2170  17862
 28673  11631
 32199  28262
 15030  32527
 24419  30214
 14065  32445
  6673  11185
 17594   9571
 31156  19245
 23945  26577
  1117   5437
  2089  23470
 31645  27020
 19620  12206
 10121  24299
 12596   8224
 15100   9038
 24565   7586
  4298  18182
 20844  24575
 15153   9048
 18520   5550
  8642   8975
 26786  17545
 20425  31918
 32715  24765
 12638   1329
 32255  31666
 32191  21609
  6740  30627
 22911  24686
 27481  10784
  5283  11620
  2476  11779
  2825  21724
 20864  31789
 28309  12809
 26661  17484
 12714  21568
 29891  30638
 20416  12694
  4603  13867
 13369   6810
 32155  16474
 31598  25464
 15030   3304
 30253   1326
 18963  29944
 18078  25710
 18187   4942
 10841   9692
  8468   9052
 13701  17983
   562    719
 18093   1959
 12635   3476
  2838  29687
 18512   8125
 15460  29788
 21136   6819
  8009   6588
 30255  15513
 16287  10895
 32652  20825
 21094  12400
 22821  17036
 25879  22050
 30065   9190
  2398  16994
 30885  10046
 11309  17592
 19431   7937
 18617  30614
 26006   9839
 12085  15005
 14191  16250
 16719  29986
 16942  10174
 11141  31670
 30544  17752
 29610   7256
 28595  28489
 24176   3915
 13650  21389
 29818  15247
 15888   4551
 21488  31867
 22032   1956
 22075  19327
  7153   8971
 14177  14446
 25940  29893
 18873  24881
  7311  14303
 32340  15949
 27263   4506
 10445   3534
 13075   6733
 24867  19550
  1461  12478
 21571  31366
 16909  31124
  1155   2186
 16151   1923
  6026  10253
  4122  27944
 31490  23012
 28145   5868
  8777  22076
 22897  21539
 23789   5056
  3701  32507
  6611  14728
  4292  28888
  8392   8746
 16677  23645
 18890  18714
 28761   6700
  7715  16019
  1985  19675
  5408   6532
 16149  31388
 14368  20158
  8221   5857
 30242  25879
  9111   5859
  5312  28415
  7677  13497
  7645   5148
  2659  15448
   406  19493
  6538  11277
  6361  19497
   629    323
 13855  22619
 28871   9875
 18623  18205
  1654  12155
  1968   4483
 14050  12458
    30  28481
 28485  17351
 23156  32448
 31993  22298
  7961  32586
 18218   8868
  9892  15825
  9329   5370
 13708  10754
 25534  15643
 18621  28729
 25536   7966
 26786   5784
  3868   7820
  1823   4903
  4871   6762
 10144  19355
  8091  15966
 16137  19522
 13968  11930
  7483  29655
 10217  30387
  1713  30874
  4573  12064
 16485  15714
 26638  11095
 16800  21025
 22160  16360
 28975  27727
 23147  31302
 10320  19240
 16158  27626
 11242   6037
  7796  16696
  7039  20106
  5599   6031
  3692  26581
  7560  22999
 18283  26169
 19862   4373
 12511   5338
  5336  10328
  6830  24858
 26964  15676
 11571  18372
 12810  30277
 26664  27696
 32276  32417
  7670  29922
  9921   5500
 13048  12836
  6430  31317
 24263  12665
   511  28021
  7982  30609
 19183  17493
 28290  32457
 15557  24339
 20850  20808
 32464  19120
 31891  31923
 14883  22852
 11152  32054
  9272   1598
 26820  29605
   361   2819
 19299   5481
 32599   3060
 20040   9836
 13271  21823
 32078  18454
 15128   4614
  6269  25030
 11727  31084
 29443  30311
  3931  22541
  6526  18595
 26142  32664
   760   5921
 31440   8626
 10292  26920
 29859  28915
 31897  31034
 12426   5967
 27970  14233
 13350  18921
 14556   1450
 28140  26690
 15288   8598
 12769  28942
 32362  26319
 30283  30389
  7209   1274
  4060   3624
  5215   1767
 28189   9397
  3674  29446
  9685  20179
 30219   9797
 16478   3780
 30550  18817
  1801  31849
  1510  23807
  7483   6118
 14183  20635
  8690  16582
 23941  13043
 31204  10128
 31999  13704
 29048   5602
 27609   5165
 17904  22997
  5971  26340
 11757   7722
 31453  18116
 19281   9822
 19688   2315
  5798   2474
 28995  10871
 25238  10960
  4131  28101
 19363  13912
 13420  29029
 19910  20851
 21848  13214
 16768  26557
 29326  11373
 10418  31994
 19351  28313
  8263  17553
 21652  29889
 28254  13945
 19215  31956
 22692  16071
  8914  12167
  6050   4788
 29053  28417
 26972   9435
 18263  24404
 20438   8203
  7852  13722
 12724  22826
 19526  12943
 10482  11888
 20691   4326
 17406   3668
 31799  31953
  6448   9962
 16914   4865
 30253  28102
  9795   3223
 24797  28763
  7698  22575
 27881  14227
 14083  21904
 16303   2884
 12362  29435
  4166  14605
 23401  13073
  7540   7794
  2363  26277
 16340  27012
 14834   5467
 31436   8877
 19031  27535
 13925   4813
 31321  16227
  8947  13171
  3617   7822
 23700   9543
 21400  20997
 12427  18224
 15245   9460
 19344  13630
 11145  15525
   956  12595
   353  15479
 30855   8596
 31550  19030
 18623  21512
 14298   7975
 27503   2525
  9907  26075
  8834  21204
 31906   6321
   712   1052
 17931  21958
 30132  23670
  1680   9077
  6231  28793
   608   7506
 11546  23394
 27781  24827
 25010  23409
  8072  23948
  8394  26938
 27682  17004
  8673   5390
  6155   1414
  3698  23882
  8919  15084
 12329  32237
 20485  22403
 18801  10549
  9570  24263
 31366   2268
 22364  17432
 30267  30523
 28529  24442
   299   4634
 31567  23384
 17682   8608
 18101  26059
 21193  29506
   769   5984
 13495   8928
 25188  24648
 20531   9507
 25159   2706
 28268   2673
 29119  30099
 28778  20189
 29087   1801
 18738  21000
 31178  26392
 25819  21435
 20944   9193
 29385   9053
 29711  20944
 22563  18275
  3421   6208
  8614  13988
  7651  24564
  4182  10770
 18835  14957
  2987  28154
   320  10106
   112  27847
 27784   3574
 10760  12848
 28132   7816
 19234  32580
  1319  10499
  4957  22920
 23317  16372
 25564   4121
 32212  23988
 27070   2295
 32762  12083
 22933  12495
 12809  31410
   752   3286
 23059  25634
 26978  16046
 25269   8580
  3525   5567
 22297   9277
 15787  17028
 15606   8256
  2084   6863
 26893  20463
 14668  28677
 12879  28516
 24054  23120
 28910  20433
 23713   1926
 16661  27558
   434   3623
  9777  14025
 13605   6894
 32647   7893
 15361  26986
 28320  31512
 24276   6335
 17289  27089
 20619  22694
 31757  31113
 26930   1656
  7339   9459
 27274  18056
 31417  19217
 28790  32092
  1485  21302
  3199  21147
  9486  20052
 28147  19229
 14125  20390
 31473  30750
 11996   9113
 10624   2507
 22906  27581
 19139   5868
 11255  15081
 20531   6319
  1541  18529
 24648  10402
 23456  31008
   889   6589
 32730  19062
 17650  10316
  7125  25059
 13852  30090
 25890  26354
 17904  21255
 13624   8597
 25469  27045
 16346   8613
 20202  27667
 12778  17259
  6105  19336
 22650  31977
 26719   5907
  1862  21763
 24342  29758
 31962  16290
 10778  10033
  1046  12768
   576  14131
  4405  25102
 20112  29209
 12917  11873
   603  22670
 14545   8452
 25787  18894
 11831  23276
 31241  11711
 12142  10855
 25254  14480
 22083   7437
 32218  27889
  3146   3236
  4972  30210
 14593  25999
 13835  11839
  6928   3665
  2086  19734
 10631  22406
 17100  17312
 16069  20975
 21438  20021
  3288  17819
  1799  21156
 28240  11569
 28272  12622
  9271  32715
 13331   1342
 18917  25102
  9771  14241
 25368   1314
 25464  13557
  3129  29487
 32212  11550
 15586  18932
 12928   9705
 12801   7255
 19951  23921
 18531  25681
 11761  15701
  7647   2691
 24022  26838
  7267   5496
 27369   6465
 16012  18079
  1367  24840
 25187  20551
 27782   3386
 20634  24797
 13083  30385
 19028   2476
 27778  18949
 15574  18890
 29934  17380
 19329  20823
 18362  23672
 20464  26965
 21379  26691
 29878  26092
 11778  14748
  6059  27459
 31772  14250
 30502  12603
 18299  15490
  5509  25459
 20198  11323
  5463  22010
 18453  19509
 11845  23474
 31148   8400
 12513  14784
 25768  22130
 18867   4036
 19203   4371
 22381  15120
 19351  26069
 29983   5012
 25276  14438
 26905   3163
  9631  22610
  3896  23177
 20755  26909
 16364  31263
 14866   7418
  2847   5658
  5784  22918
  8621  13111
  7252  26148
 13432   9454
 19341  27758
 15133  32714
 18197  26413
  3481  21214
 32255   9958
 27928  11315
 15479    818
 25827  30044
  4744   5430
 20966  19077
 10436  17451
  5549  32491
  9293  21767
  4738  20047
  8225   2076
  5360  30550
  1365  21229
 26960  27508
 24124   3066
 27010  23960
  6427   1422
  2395   2577
 29063  23081
   815  21357
 20409   4331
  3784   3697
 29251   9361
  3028   4528
  2236  16436
  7905   9557
 20543  14424
 18683   1988
  6485  11491
 29591  14794
 24760    893
 29795  12143
  6697  13796
 14379  13076
 10377   4791
  5440   2468
 32183   6579
 23063   5680
 25943      0
 23482  26581
 16603   6770
 17190  10143
  4900    120
 19426   6309
 19353   2857
 22302  12120
  6720   6721
  9419  17856
 20744    376
  2325   2498
 29742   2379
 25657  19435
 10687  10011
 27179  15821
 27854  31725
  3820   5480
 17618  19157
 13567  24931
 12172   5752
   293    494
 24592  22630
  3779  10866
  3890   5869
 31405  11932
 16596  19277
   162   9232
 26971     62
 23877  31577
  9030     82
  2445   7229
 11613  26250
 11266  31324
  1704  32203
  6747  32767
 26866  19438
 17852   2428
 25048  25301
 21417    158
 19377  30627
  5198  11334
  9163  10692
 30345   1533
 21732  20301
 32282  22730
 12419  18997
  9921   7958
 22013  31837
 20164  18505
 19313   2881
 24295  21203
  7826   3514
  2011  32755
  5383  32402
 19535  26762
  1347  20437
  6564  11576
 27071  10499
 12902  30876
  5064  17295
 26621   7173
  3457  19920
 29348  21178
 25287  28250
 14031  31914
  7927   9551
 26619   2187
 11489  13384
  9529  25124
 21246     96
 27172  12410
 20203   1696
 15932  22692
 28929  30173
  1774  15783
 19956  28656
 22858  12121
 30121  14191
 19774   5900
  4688  26749
  3259   4004
  8684   3936
 26391  26869
 20878  25668
 20438  16105
  4401  20725
 13724    314
  8136  13732
  6561  28528
 14798  12605
 11173  24467
 21368  11817
 19827  20420
 30670   3620
 16660    157
 19849  22754
  7615   5953
 29332   7642
  2768  19277
 20990  16340
 14653   8584
 21111  22719
 18630  28049
 27698  26717
  5695  16827
 21563  11281
  5393  24091
 23626   4157
   909  20878
 21694   9166
 19713   9827
 16919  14171
 19924   7990
 28659  15946
 20043   2323
  9286  10321
 17482  16532
 17111   1074
 14429   3629
  4438  31741
 14024  30943
 18599  19374
  2931  30549
 27265    618
 11087  18797
 10314  15779
 15499   7140
 28471   3470
    96  29985
  6009  18440
 10031  11610
 23212  20608
 32113  12622
 15825   8330
 11109  27161
 21334  24517
 29213  30189
 15008  22204
 16373  19781
  3857  23977
 30873  23077
  7384  13629
 20148  22507
 25878  32654
 14165  10569
 15666  21863
 21020   8344
  4515  24396
  6528  24455
 32562  20766
 24886  27564
 11744  30171
 26027   1205
  1624  27294
  8297  10216
 20746  10916
 23930  26284
 26988  21021
 27476  18360
 30380   5358
 10457    995
 24174  25941
 32157   4343
  8262  25341
 15079   2559
 15961  23838
 26138   8698
 14162  21672
  7769   9024
  6283  22878
 10611   5066
 30546  21810
 10932  26820
 23095   7097
  9961  20142
  7714    607
  2921  11983
 20211   1423
  5024  22313
 19288  21747
 15739    839
 29707   5605
 13917   3781
 22096  10414
 14310   7637
 16626  12303
 30535   7446
 29927   4169
 22207  11300
  9123  25600
 21745  29321
 21411  13258
 22657  21467
   165  17726
 24939   6068
 15037  28125
 18618  30497
  2749   5563
  4065  16621
  2538  30432
  4817  16251
 16171   9664
 21720  26403
 14229  10880
 11089  11797
 16353  19047
 26811  29708
  5828  22245
 17854  28550
  9658  12331
 24077  24777
 29052   2677
 26772  29796
 14687   5924
 12856  31587
  1070  32636
 24768  22262
 18986  13018
  2450  24717
  6458   4865
  6500  24977
  5878  30579
 25791   5171
 27225   9806
 13444   6203
 27999   4703
 20312   1167
  2105  24758
 27819  31578
 18604   9382
 19764  10394
 22350    360
 18271  20556
 21028   4372
  9608  21439
 13183  20231
 29622   6122
 12615  20667
  6257  17889
   728  13603
 22564  31256
  6891  17491
  3411  28664
 27184  17814
 19997  20641
   758  24848
 24065  23158
 30009   7683
 22988   8897
 15611  25553
  3123   5124
 22037   8145
 20434  19941
 13478  25979
 27797   3096
 26415  31518
 21120  18220
 14216  16276
  9265  15890
 21687  17216
 23491  21646
  3701  10312
 15027   5821
 16825   7557
 10359  21344
 23855  18707
 32157   1823
 24437   6434
 19861   7518
 27616  21396
 32280  17569
 17451  24875
  1841  23610
  7780  15344
  5315  18388
 22839  16330
 27901   7949
 29198  18574
  3170  12300
 30478  21461
 10122  19443
 25413   4829
 24091  19283
 14361  26677
  1329   4968
  6347  25882
 18274   8005
 12873   3714
 25898  23030
  9049   5403
 29552  28789
  8620  29810
 23282   8193
  1192   5197
 30651  27458
  7439  26081
 11211  18058
  2489  26912
 31876  14844
 12348   2873
 23475  10992
 20687   9820
  6187    377
 11806  13886
 26334  29387
  5152  14555
  9642  28216
 14239  30037
    86   1064
  1779   3163
 13335  12662
 21187  12154
 15876   3450
 15210   5153
  5856   1690
    20  14663
 32264  11227
  9207  13420
  7121   5777
   812   9596
  2279  11546
 21497  23984
 32222  20415
  3492   2473
 32688   7799
 10167  25287
 20751   3685
 10880   2475
  1254  20447
 29829  12132
 23970  14949
 10900  15069
 17026  11945
 20092   1066
 11819  19568
 26948  20971
 30503  23031
 20953  16893
 30194  32219
  2906   5234
  4128   5632
 12961   5668
 27279  15205
 22664  12690
  1392  19099
  7667   1301
 13660  19549
   676  29399
 12510   1174
 13524  25035
 16099  31929
  5216  10477
 12401    115
  6425  13232
 18481  31200
 23522  19906
  4254   6225
 10641  25932
  2929  30421
 29734   4026
 31186   1495
  9032  20977
 30450   5595
  4831  22504
 28870  17464
 27196  26850
   837    644
 30467  24365
 24748  32084
 15521   8302
  9924   6258
 16097   3179
  8649  20564
  2150  23470
 32393  26637
  2889   8179
 32465  26377
   813  12717
 28241  25507
 10195   7826
 24281  15014
   453  13548
 13975  31879
 30481    182
 12663   5979
 23704  28217
 20906  30937
  7164  24637
  1571  25009
 29514  13844
 20036  20433
 18597  14762
 22449  22382
  6735  29666
 22435  25461
 15548  21408
  2096    274
 27111   2644
 10478  31694
 21811    400
 20816  18434
  1676  23705
 19239  30927
  6357  15548
  2266  10415
  3969  24559
 12982  17729
 27724  30918
  2196  16144
 26826   6515
  6917  11805
  2750  10014
 19552  30449
  4742  14337
 23682  24298
  1709   3797
 28985  30914
 12323  11847
 27324  25813
 29060  29788
 11022  32407
 18099  18717
 11824  16202
 22222   1789
  1890   5186
  4633  14968
  1723  11778
 31401  10196
 26115  24726
  7555  29019
 29061   6560
 16832  24652
 30939  29903
  3143  23382
  3742   9473
 21403  17461
 22418  17039
 13503  21556
  6232  10902
 26322   1454
 17201  16297
 22399   5288
 18405   8764
 14638  12093
  6585  27221
 22985  24790
  8309  10525
 31875  19076
 12589  20313
 31442   3032
 11173   9807
 31646  12354
 23861  26370
     1   7497
 22459  19456
 26937  22588
 16930   5301
 19706    574
 25012  32290
 11682  15870
 19376  20518
 18651  13054
   755  29861
  7750  20841
  9623  32336
 21180   6926
 31690  16500
 21762  28694
 28550  17277
 23585  22844
  2531  12162
 23478   3811
  5582   7846
  2216   6503
 25377  25946
  4922   2279
 15272  27076
 28380  23031
 27417  23236
  9064  31583
 31643  27046
 18121  25353
  2833  22574
 23720  11286
 28183  27410
 30565   3454
 23022  25511
 16877  12821
 26150    524
  3259  13351
  6943   1133
 29891  30306
 10105  23375
 11556  18833
  2379  11009
 29623   9435
   244  12042
  9395   4315
 25354  32274
  1501  19251
 12869  18229
  4727  24667
 17823  16765
 19726  11857
 21210  13000
 11236   8387
  2898   1493
 19176  19570
  5140  10858
 26437  27592
  8338  19467
 11087   5245
 12352  23087
 11994  16697
  5307  18916
 25044   4384
  9083  14115
   694  16836
  4341    259
  5623   8316
 27456  16014
 10299  15021
 22851  25487
 31974  20268
 32014  30690
 12957   3540
  2410  20080
  5621   4006
 27682  20874
 20592   9639
 24859  12897
 18854  19728
 20981  29632
 24322  11416
 10306  23070
 10699  17084
 31923  27620
 19638  11239
 32277  21806
   975   4013
 10912   7625
 20576   1452
 17181  11208
  7411  12181
 12523  14227
 27684  29220
 16392   8595
 19149  22762
 22540  30708
  5896  16491
 12476  29191
 10514  14797
 30590  28070
 16652   5875
 29882   6761
 28739  11157
 28208  29211
 12842  20500
 21396  29290
 26486  14075
 31929    136
  1363  21324
  1464   1444
  5663  10501
 16884  11669
 13586  29648
  1941  21823
 14679    735
 10815  27396
 22568  26933
  9899  25134
  4785  15616
  1361  28123
 18693  26401
 13744   7577
 28012  10266
 11808  31916
   945  11529
 26287   7722
 12626  11361
 15362   7871
  2641   7972
 28560  15867
  2371  16873
  5066   7172
  6421   5603
 22295   3633
  1553  15103
 25422  30905
 24316   4424
  5657  23100
 15585  23386
  6480   5896
 20857  25012
  6711  17916
 10992  15708
 18293  27581
  1450   8148
 11540  26395
 10041  12425
  2962  14979
 16999  31081
 19614   4865
 23842   2703
  8491   6447
 15139  26849
  7835  30727
 12762  22113
  5047   2223
  5145  25029
 23378  31107
  4315  25330
 13752  17761
 29958  21542
 20674  11158
 27256  27991
   137   1975
  2096   9554
 31105  13460
 12838     22
 21546  18724
 20521  23604
  4083  18224
 24755   9136
 13862  16506
 16221  17400
  2095  22920
 26950   8816
 10790  11246
 28956  12166
 28810  12909
 11953  27585
  3722   9775
 19557  21685
 25179  24410
 22818   4439
  2770  12045
 13665  26113
 27177   8865
 29436  27320
  5497  16206
 17183   9719
  8225  27271
 28213   8624
 25171  12915
 13247  10059
  3906  26398
  8747  17507
 10811   2132
  4559  18713
   852  24017
 29846  30703
 12402  31628
 10833  16009
 25444  26279
 14039   2168
 12730  10456
  4980   5506
 24595  20609
 19319  22991
  1228   1710
  6316  14337
 29367  32403
 26202   9698
  9074  13163
 27000  20452
 29654  10897
 11456   1102
  5928  11156
 25791  17686
 27965   5155
  8405  26768
 23493  18643
 19285  16924
 15739  18251
  7974   6764
 13919  32110
  2260  17202
 10308  18575
 17153   9794
 15901   5907
  6807  12349
  2243   7903
 18772  24876
 26725  28422
 26941  25093
  2199  24636
    79  24286
 20848  19654
 10705  14126
 32723   5984
 31903   7513
 13793  25458
  4141   1456
 30696   3497
 11210  13504
  8609  14668
 17660  16762
 13608  15808
 28092   1927
 15344  29657
 11831   8525
 10227  28816
  9801  16789
 20526  29254
 10680  24244
 14474  18226
 12807  27356
 15984  21196
 24060  26204
  1500  14771
 22632  27692
 24262  30447
 15872  27144
 26997  23432
 14290   8983
  5489  21937
 18815  17806
 24644    995
 16076    984
 24114  27062
 29637   3174
 22909  18683
  4159  20064
 28730  19646
 28580  23923
 25249   4784
 12081   1474
 19479   6329
 26608  18131
 12592  25067
   289  10061
  2158  29193
 26715   5009
 10308  18259
  7362   4305
  2584  11657
 27473  20829
 10729  25868
 30058   7094
 32706  22563
  9713  13394
 18847  15429
 16955  11394
 30922  31941
 17401  15150
 20265  28813
   672  21701
 17110  24783
 21009   5722
 26186   6152
 14421  10060
 24841   3587
  5499  22595
 23007   8355
 23009   1223
 27554  25670
  1254  24001
 20020  18343
  7930  28936
 30243   5263
 32409  10561
  6193   6678
  6893  28485
 15874  20872
 13556   7081
  3230  29027
  8138  30159
 23390  12665
  6872   2549
 29757  24886
  8120  16340
 30934  12363
 24076   9917
 14151   4113
 12381   7656
 14169  30582
 13957   4844
 19536  32194
 30476  25651
 22080   3310
 32244  10506
  1105  18354
  6880  14128
 32710  18708
  9117  15025
 28449   3144
 25780  15910
 13691  30475
  9529  32705
 18788   9136
 29547  11397
 18429  18876
 15903  25393
 11895  32111
 23975   8591
  2255  23314
 31398  10584
  9868   3934
 16557   4021
 31980  14863
 20047   8123
  6876  25529
  5838  13137
 16920   8057
 12262   7821
 16204  30999
 15966   6763
  6365  14343
  5979   8227
  6838  20530
 23749  23915
  6254   3583
  1492   4811
  1133  12447
 16377  27302
 31130  31610
   239  19850
 12138  24215
  2862  11492
  8545  12671
  7923  14449
 12554  12590
 23108  24358
  9066  18274
 27185  17735
 23281  12646
  6667   3558
 22614  28888
 32395  17789
 15698  10156
  6684   6249
 23394  26748
 21671  32366
 14438  15981
 22436  31402
 20090  20323
 13050   5397
 10633   9636
 12055  17053
  9116  14782
 13703   1665
 31254  27709
  1398  20897
 24012  23420
 18854  25206
  9145   4457
  4189  27933
 17341  18194
 23541  25018
  8064   8472
 11948  10076
 22980  29603
 19227  14786
 10923    995
 16991  21482
 10329  18164
 31393  15230
 21971    977
 11934   2237
 22552  10916
  7641  23347
 28813  25757
   970   8110
   949  17233
   859  13165
  5485  20246
 32228  16863
 19478  13148
 20037  27948
 24539  13434
 18507  16565
 14937  27205
  8970  13210
 11975  14262
 31851  24144
 20247  23687
 23108  31152
 17661   6048
  1947  10612
 17928   7973
 19596  23644
  6500   1620
  3857  14075
  4238  17702
 16136  21434
 16163  20244
  1874  19722
 22920   1115
 24837  12875
 30522   9483
  1879    610
  2102   4599
 10107   8434
 15059  29324
 26123  26183
 12236  22166
  9237  23255
 24333    389
 27538  31635
  9422   3192
 14817  25678
 22720  23273
 20043  11187
  4337   4555
 19064  21513
  8273  17416
 22059  21601
 20988  13319
  8981   1548
 17224  19951
 22454  13593
 14232  30854
  4496  13274
 21240  31726
 16999  18271
 20418  27016
  7683  30097
  5435   7080
 15629  30482
 24861  13842
 28250   7097
  9669    532
 15674  15902
 30223  32295
 21944   8620
  5206  32251
 11639  22802
 29475  29681
   587  11436
 32146  29113
  4263   8231
  7913   3498
  8363   9145
  8696  10995
  8078   2681
 16637  23327
  9373  26771
  6164  14417
  8224  32580
  4534  11467
 13223   6693
 25746  10810
 11459  23333
  7023   6578
 28282   3343
  1177  23751
 19583  30073
 27159   5173
  2789  20181
 19537   7750
  7036  31749
 30028   9544
 22687   5261
 25914  16049
 22012  10578
  5347   4228
 26573  26098
 13695  20920
 24200  11310
  1897   4801
  6367  10729
  2835  11773
 21170   3299
  7610   8162
 25056  29075
  2853  31085
 28762  30451
 32371  31701
  3605  31556
  8165  23429
 28720   3093
 10162  17834
 10574  26310
 27744  15293
  4234  18307
 23826   2804
 10493  30825
 12225  17181
 22160  32429
  2975  15531
 14775   4233
 30450  11636
  2594  13950
 23794  26108
 24697  10595
  1318  20366
  9117  21149
 13938  20596
 23441  15632
 31121   5367
 18748   5654
 14625  20545
 24512  27056
 27159   6411
  5242    783
   568  17969
 29374    513
 28777  25626
  9821  24882
 27715  31844
 15605  29840
   174  16014
  5215   4281
 25642  23969
 14539   5125
 20060  31022
 28196  21001
  3369   9855
  9899  20225
  1451  31403
  1752  20463
 27232   4759
  8531  20033
 13696  22461
 19393   1227
  5180  12068
  5842  15313
 28538  13401
 17422    243
  9115  26515
 18195   9772
 24907  10615
 23730  10950
 29760   4007
 14729   1632
 31793  27688
 23964  18196
 11171   8680
 24612  26705
  9481  30673
 21584  29323
  4345   8262
 22115   4214
 24847   1641
 25203  13057
 14025  32757
 22501  14948
   255  11998
 13727  27036
 15904  18580
 10898  12227
 28140   4810
 30780  13542
  5885   4596
 19716  32584
 28874   6603
 18930  15379
  4414  21191
 17015   1922
  5932  20968
 16590  27334
 21757  32214
 21050  22892
 13699  10655
  6860  22229
 28881  14917
   290  10936
 30884  22855
  8749  24479
  6179   5812
 28721  10258
 32269  30361
 21910   4284
 27484  28184
  9278  29592
  1023  22089
 10125  28614
 14154  20561
  1804  31728
 28710   3282
  8091   8016
   200   8094
 13021   7308
 11546   4240
 20966   9996
 27978  14123
 20005   8123
 13494  13450
   203  15218
 10394  22047
 26044  18268
  1754  27732
 20108   3362
 19349  13736
 20584  28943
 18890   1696
 11215  31385
 32657   8104
 14177  16120
 25342  19752
 10839  29887
  9576   3781
 25571  26168
 31963  15817
  2527    264
 10001  22458
 27316  24676
 10089  22968
 14287    524
 19991   5864
 15097  15716
  4029  21742
  4329  20869
   242   7250
 30323  14151
 11109  16624
 32488  15565
  9465  21304
 19907  29102
 10966   9029
  2684   7960
  4637  10683
 25623  31387
  3941  16668
 11459   8906
  2403  18442
 31254  12945
 24330  18068
  4611   9544
 30353  30133
 20647  13825
  8636  20857
  6650  20228
 28999  24295
 22716  14908
  6621  19498
 12484  11096
 28983    623
 24045   3119
   717  28338
  7672  27170
 31978  27796
 26190  32582
  3669  10507
  7726  30477
 16919    465
   662   7953
 23358  10968
  1499  14501
   558  32705
 15929  24134
 13587  12747
 19183   4976
  3425    411
 18373  18933
  5782  16708
  9567  15198
 10754  16568
 18037  30667
  9767  25246
 32081  28691
 15830  30929
  8834  31345
 13544   3827
  6222  30368
 23136  19110
 19037   7994
 12063  26648
 25960  32090
 27911  12030
 14242   5207
 26084  28618
 27398   5310
 18283   1783
  9012  22281
 10187  31005
 12162   2628
 31728   5576
 30857  27988
 16369   8534
   126  14406
  9769  13120
 11477  30429
 10307  12939
 15209  18486
  9833  19795
 10086   3255
  1467  27510
 11352  29303
  6994  23105
 25872  14353
 25247  17675
 16103  31052
 31737  11256
 29005  31691
  3258  28543
  6018  29320
  8376  10350
 13350   1298
   750  26013
 14874  28069
 18553  16848
 27841   4959
 30520   7753
  9687   8741
 15317   9367
 31997   2090
  6119   4433
 17423   5174
  5916  28814
 27431  21231
  5193  30132
 13142    944
 32736  29979
 13174   5667
  9937  21684
 22058    928
  6726  20522
 11167  28134
 22597  17952
  8025  18121
 30221  31276
 22377  12628
 11559  26479
 23763  32642
 25285  14564
  7631  23437
    56  24657
 15450  10132
  9822   9641
 21210    394
 29303   3221
 29682   7891
 28894  27410
   784  22039
  4812  11338
 23238  19777
  7055   6405
 22983  15701
 11511  18476
 21937  22462
 18877  27973
 23691  21837
  4398  18841
 17743  31831
 23712  12745
  2600   8506
  7000   6743
  8717  21879
 23476  22842
 13498  12639
 19054  31125
  9558   4417
 30322  19738
 10909  12609
 22098   4296
 17833   7329
  7130  28713
 29403  14937
 25556  13322
 26067  22428
 20486  10977
  1597   8553
 15468   7888
 26229   8871
 26500  28372
  1733  12467
 18616  26336
 19277  29386
  9170  30967
  1044  24961
 31349  19629
 23704   7331
 21529  14842
 23466  11146
 21576    298
  5981  11330
  6317  12013
 14540  26841
 21316  28295
 24101  27197
 14266   7058
  8262   6393
 10197   2606
 11831   7207
  5339    735
 20735  32352
 26922  13215
  9243   8469
 21835  26965
  4852   9487
 16401   9435
 21694  16540
  1454  24543
 21168  22941
 27549  32298
 28465  23848
 13908   3368
  8237  29681
 31688     51
 15782  14433
 30278  26219
 21616   6416
 11172   5229
 29414   6843
 23863   1992
 16888  15252
 26264  21800
 15385  29994
 28646   8062
 26801  10858
 14709  23416
 19811  32327
  6730   9808
 11957  27040
 14877  12904
  4718  23101
 15973  10922
  7101  24886
 19922  27683
 21154   3814
 28224  17172
  1508   8687
 10267  30365
 29540  23505
 21306  20426
   728   6231
 24991  29365
  4445   1987
  1138   2629
 18763    566
  8224  31134
 27750  21424
  8610  31940
 31506  23281
 30258  27068
  6222   1291
 28550  23280
  4356  14151
 25377   1298
  3939  24471
 28254  22493
 22072  12589
 12507  24732
  8753  28900
 29412  31945
  2303   4219
 22416  23815
 21152  15838
 11659  12061
 21628  19812
  3112   7759
 28440  13534
 17298    842
 26216  23996
 12399  14588
 15652  15578
 10519  11594
 26939  30252
   358   4304
 12671  21613
 19168  22180
  9075   1202
  6615  11730
  5670  29068
 19022  23792
 26998  10688
 11476   6597
  5561  13542
  5493  31491
 28698  22928
 15744  10562
 28161   2568
   257   8703
 25201   5973
  3863  26827
  2580  30582
 14642  20132
 26177  26631
  4542  16179
 30524  12320
 25287  29301
 30457  10953
 11876  13317
  3672  27040
  7280   5944
 12229  30932
  1399  10636
 17942   4313
 15575  13989
 16861   1844
 31209  16207
 28933  12480
 10521  22305
 27888  16504
 15261  31479
 11545  15637
 29440  22913
 23556  27875
 29163  17067
   224  29964
  5656    763
 18915  17293
 10388   9491
  3394  14345
  9779  12675
 17598  10025
 14108  24666
 22859  28821
  4521  20474
 20827   7483
  1050   4760
  4132  10228
 15669   2724
  2733  16028
 17334  31538
  4066  26320
 14076  29593
 11117  29787
  8746  13810
 25252  15761
  2519  14815
 13283  19502
 12481  23957
 10726  10524
 22964  19739
  5794   2985
 25941   3272
  9907   1747
 25950  17104
   939  27055
  2592  16811
 24560  27852
 20935   4443
  2565  31145
  7445  14585
 29336    349
 15984  14300
 23666  23589
 21457  27459
 22129  22323
  4651  12664
  3732  13477
 17057  28553
 21574  24901
 13102   7540
  7270  13459
   744   9194
  4472  17458
 29930  21701
 32418  16208
  9901   7678
 28467   8329
 29146  14558
 29494  17307
 19654   2485
  2630  27591
 18182  24213
 31133  25226
 17080  18102
 27461   3034
 15006  21279
 20353  23682
 20230  16698
 27943  11042
 16061   6230
 31424    195
    60  13481
  2879   8470
 31978   6250
  8814   1048
 12971  15164
  9753  21938
  9894  14463
  8500  12172
 26737  18204
 24894  13333
 10989  23717
 22507  18433
  3327  24204
   702   4803
 10277   7885
 22542  25526
 20211  13773
 14268  28200
 32171  11653
   539   6881
 24757   1686
 20499  27662
 16317  15956
 11464   7337
 10740  19975
 26017  23783
  1063  15031
 22120  12777
 16827  26408
 31351  20954
  1465  19942
 17045   6985
 27230  18738
 25561  25785
 30763  15514
 15048     70
 15955   1505
 22131  30993
  5553  30529
 28971  20749
 18033  32080
  6906   2980
 29482   8719
 16799   3314
 20441   6623
 22747   6115
 32616  23965
 15724  21422
  2395  18410
 32625  12504
 15803  28118
  4827  32617
 13770  16910
  9383   9571
 19331  29698
 31361  16892
  6736  13301
 12981  25986
  5165  19463
 24744  24507
 15749   8892
 29988  24748
 16029  15345
   479   9814
  3470  31521
    12  15197
 23222   2060
  9825   9863
  6467   6862
  2794   1023
  9522   9445
  4269    831
 12780   8996
 11091  32139
 23488  11201
  4122  22865
  2252  24883
 25113  10349
  4836  25888
 31008  22169
 11604   5998
 10327  26662
 19141  12308
  2397   4033
 13925  31493
  6244  32384
  8096  17482
 30266      4
 23236  16337
 28975   4893
 26197  18373
  4500  24124
 19060   6871
  2406   8288
 19728  28778
  4212   5850
 15420  13474
 21031  25804
 13221  27821
  5265  16998
 22630   6589
 18370  25092
 24312   5541
  8656  23633
 29491  20673
  8627    220
 28229  30753
  9678  19972
 26443  23171
 14723   9180
  4317   4438
 10205   5689
 20985    540
 31470  18399
 26219  11999
  7372  27835
 30885   1939
 15959  19586
 13203  14588
 12826  16102
 14497  22816
 12572   7219
 10324  18702
 12580  16700
  4097  15379
 26118  11756
 23835  19821
 23370   5810
  4055  30618
 21183  16544
 26441   7897
 21691  13892
 23994  18605
 23993  15007
 30046  21228
 23603  17321
 21564   8081
 12978  17732
 18100  16909
 10917     12
 20350  25744
 23177   3944
  2635   9856
 26178  19408
 17587  17032
  3529   5941
 15317  27990
  6448  27278
 26894  15140
 26587  30223
